primary: steps=101 | 67 DD 04 DD 34 15 13 10 02 68 15 10 38 39 49 6D 69 14 25 0C 50 46 35 EA 66 5E 35 65 68 11 45 21 00 48 8A 05 11 5E 40 8B 23 34 5E 69 66 05 11 32 5C 57 6D 01 11 01 36 4D 8A DD 68 15 23 08 10 37 32 6D 10 4D 8A 68 10 48 5C 75 8C EB 01 60 11 CB D0 6E 65 10 45 DD 68 DD 11 1B 34 23 10 BD 07 68 11 CA 65 50 8A || setup 01 00 00 1D 18 05 45 01 4D 07 48 01 00 4E 00 46 49 44 4A 08 05 4B 03 02 4C 04 40 3B 09 0A 08 08 08 08 08 08 08 37 35 08 13 00 0A 00 00 00 00 00 00 01 36 B0 60 01 11 5E 27 09 40 05 0E 09 13 3A 47 50
aggressiveTerminalDirect: steps=101 | 67 DD 04 DD 34 15 13 10 02 68 15 10 38 39 49 6D 69 14 25 0C 50 46 35 EA 66 5E 35 65 68 11 45 21 00 48 8A 05 11 5E 40 8B 23 34 5E 69 66 05 11 32 5C 57 6D 01 11 01 36 4D 8A DD 68 15 23 08 10 37 32 6D 10 4D 8A 68 10 48 5C 75 8C EB 01 60 11 CB D0 6E 65 10 45 DD 68 DD 11 1B 34 23 10 BD 07 68 11 CA 65 50 8A || setup 01 00 00 1D 18 05 45 01 4D 07 48 01 00 4E 00 46 49 44 4A 08 05 4B 03 02 4C 04 40 3B 09 0A 08 08 08 08 08 08 08 37 35 08 13 00 0A 00 00 00 00 00 00 01 36 B0 60 01 11 5E 27 09 40 05 0E 09 13 3A 47 50
invertBranchOrder: steps=101 | 67 DD 04 DD 34 15 13 10 02 68 15 10 38 39 49 6D 69 14 25 0C 50 46 35 EA 66 EC 65 68 11 45 21 00 48 8A 05 11 7B 23 34 5E 66 66 05 11 32 59 59 DD 68 15 23 08 10 37 32 6D 10 4D 8A 6D 01 11 01 36 4D 8A 68 10 48 59 82 EB 01 60 11 CB D0 6E 65 10 45 8B 00 48 8A DD 68 DD 11 1B 34 23 10 BD 07 68 11 CA 65 50 8A || setup 01 00 00 1D 18 05 45 01 4D 07 48 01 00 4E 00 46 49 44 4A 08 05 4B 03 04 4C 04 40 3B 09 0A 08 08 08 08 08 08 08 37 35 08 13 00 0A 00 00 00 00 00 00 01 36 B0 60 01 11 5E 27 09 40 05 0E 09 13 3A 47 50
aggressiveTerminalDirect+invertBranchOrder: steps=101 | 67 DD 04 DD 34 15 13 10 02 68 15 10 38 39 49 6D 69 14 25 0C 50 46 35 EA 66 EC 65 68 11 45 21 00 48 8A 05 11 7B 23 34 5E 66 66 05 11 32 59 59 DD 68 15 23 08 10 37 32 6D 10 4D 8A 6D 01 11 01 36 4D 8A 68 10 48 59 82 EB 01 60 11 CB D0 6E 65 10 45 8B 00 48 8A DD 68 DD 11 1B 34 23 10 BD 07 68 11 CA 65 50 8A || setup 01 00 00 1D 18 05 45 01 4D 07 48 01 00 4E 00 46 49 44 4A 08 05 4B 03 04 4C 04 40 3B 09 0A 08 08 08 08 08 08 08 37 35 08 13 00 0A 00 00 00 00 00 00 01 36 B0 60 01 11 5E 27 09 40 05 0E 09 13 3A 47 50
hoistSharedHelpers: steps=101 | 67 DD 04 DD 34 15 13 10 02 68 15 10 38 39 49 6D 69 14 25 0C 50 46 35 EA 66 5E 35 65 68 11 45 21 00 48 8A 05 11 5E 40 8B 23 34 5E 69 66 05 11 32 5C 57 6D 01 11 01 36 4D 8A DD 68 15 23 08 10 37 32 6D 10 4D 8A 68 10 48 5C 75 8C EB 01 60 11 CB D0 6E 65 10 45 DD 68 DD 11 1B 34 23 10 BD 07 68 11 CA 65 50 8A || setup 01 00 00 1D 18 05 45 01 4D 07 48 01 00 4E 00 46 49 44 4A 08 05 4B 03 02 4C 04 40 3B 09 0A 08 08 08 08 08 08 08 37 35 08 13 00 0A 00 00 00 00 00 00 01 36 B0 60 01 11 5E 27 09 40 05 0E 09 13 3A 47 50
hoistSharedHelpers+hoistProcs: steps=103 | 8A DD 68 DD 11 1B 34 23 10 BD 07 68 11 CA 65 50 67 DD 04 DD 34 15 13 10 02 68 15 10 38 39 49 6D 69 14 25 0C 50 46 35 EA 66 5E 51 65 68 11 45 21 00 48 8A 05 11 5E 56 8B 23 34 5E 85 66 05 11 32 5C 73 6D 01 11 01 36 4D 8A DD 68 15 23 08 10 37 32 6D 10 4D 8A 68 10 48 5C 92 51 48 EB 01 60 11 CB D0 6E 65 10 45 8B || setup 01 00 00 1D 18 05 45 07 48 00 46 49 44 01 00 4E 01 06 4A 01 4D 4B 04 40 3B 09 0A 08 08 08 08 08 08 08 37 35 08 13 00 0A 00 00 00 00 00 00 01 36 B0 60 01 11 5E 24 09 40 05 0E 09 13 3A 47 50
canonicalizeIfChains: steps=101 | 67 DD 04 DD 34 15 13 10 02 68 15 10 38 39 49 6D 69 14 25 0C 50 46 35 EA 66 5E 35 65 68 11 45 21 00 48 8A 05 11 5E 40 8B 23 34 5E 69 66 05 11 32 5C 57 6D 01 11 01 36 4D 8A DD 68 15 23 08 10 37 32 6D 10 4D 8A 68 10 48 5C 75 8C EB 01 60 11 CB D0 6E 65 10 45 DD 68 DD 11 1B 34 23 10 BD 07 68 11 CA 65 50 8A || setup 01 00 00 1D 18 05 45 01 4D 07 48 01 00 4E 00 46 49 44 4A 08 05 4B 03 02 4C 04 40 3B 09 0A 08 08 08 08 08 08 08 37 35 08 13 00 0A 00 00 00 00 00 00 01 36 B0 60 01 11 5E 27 09 40 05 0E 09 13 3A 47 50
freeResidualDispatchScratch: steps=101 | 67 DD 04 DD 34 15 13 10 02 68 15 10 38 39 49 6D 69 14 25 0C 50 46 35 EA 66 5E 35 65 68 11 45 21 00 48 8A 05 11 5E 40 8B 23 34 5E 69 66 05 11 32 5C 57 6D 01 11 01 36 4D 8A DD 68 15 23 08 10 37 32 6D 10 4D 8A 68 10 48 5C 75 8C EB 01 60 11 CB D0 6E 65 10 45 DD 68 DD 11 1B 34 23 10 BD 07 68 11 CA 65 50 8A || setup 01 00 00 1D 18 05 45 01 4D 07 48 01 00 4E 00 46 49 44 4A 08 05 4B 03 02 4C 04 40 3B 09 0A 08 08 08 08 08 08 08 37 35 08 13 00 0A 00 00 00 00 00 00 01 36 B0 60 01 11 5E 27 09 40 05 0E 09 13 3A 47 50
aliasXReuse: steps=101 | 67 DD 04 DD 34 15 13 10 02 68 15 10 38 39 49 6D 69 14 25 0C 50 46 35 EA 66 5E 35 65 68 11 45 21 00 48 8A 05 11 5E 40 8B 23 34 5E 69 66 05 11 32 5C 57 6D 01 11 01 36 4D 8A DD 68 15 23 08 10 37 32 6D 10 4D 8A 68 10 48 5C 75 8C EB 01 60 11 CB D0 6E 65 10 45 DD 68 DD 11 1B 34 23 10 BD 07 68 11 CA 65 50 8A || setup 01 00 00 1D 18 05 45 01 4D 07 48 01 00 4E 00 46 49 44 4A 08 05 4B 03 02 4C 04 40 3B 09 0A 08 08 08 08 08 08 08 37 35 08 13 00 0A 00 00 00 00 00 00 01 36 B0 60 01 11 5E 27 09 40 05 0E 09 13 3A 47 50
coalesceCopies: steps=101 | 67 DD 04 DD 34 15 13 10 02 68 15 10 38 39 49 6D 69 14 25 0C 50 46 35 EA 66 5E 35 65 68 11 45 21 00 48 8A 05 11 5E 40 8B 23 34 5E 69 66 05 11 32 5C 57 6D 01 11 01 36 4D 8A DD 68 15 23 08 10 37 32 6D 10 4D 8A 68 10 48 5C 75 8C EB 01 60 11 CB D0 6E 65 10 45 DD 68 DD 11 1B 34 23 10 BD 07 68 11 CA 65 50 8A || setup 01 00 00 1D 18 05 45 01 4D 07 48 01 00 4E 00 46 49 44 4A 08 05 4B 03 02 4C 04 40 3B 09 0A 08 08 08 08 08 08 08 37 35 08 13 00 0A 00 00 00 00 00 00 01 36 B0 60 01 11 5E 27 09 40 05 0E 09 13 3A 47 50
freeResidualDispatchScratch+canonicalizeIfChains: steps=101 | 67 DD 04 DD 34 15 13 10 02 68 15 10 38 39 49 6D 69 14 25 0C 50 46 35 EA 66 5E 35 65 68 11 45 21 00 48 8A 05 11 5E 40 8B 23 34 5E 69 66 05 11 32 5C 57 6D 01 11 01 36 4D 8A DD 68 15 23 08 10 37 32 6D 10 4D 8A 68 10 48 5C 75 8C EB 01 60 11 CB D0 6E 65 10 45 DD 68 DD 11 1B 34 23 10 BD 07 68 11 CA 65 50 8A || setup 01 00 00 1D 18 05 45 01 4D 07 48 01 00 4E 00 46 49 44 4A 08 05 4B 03 02 4C 04 40 3B 09 0A 08 08 08 08 08 08 08 37 35 08 13 00 0A 00 00 00 00 00 00 01 36 B0 60 01 11 5E 27 09 40 05 0E 09 13 3A 47 50
repeatedUnaryUpdateArgTemp: steps=101 | 67 DD 04 DD 34 15 13 10 02 68 15 10 38 39 49 6D 69 14 25 0C 50 46 35 EA 66 5E 35 65 68 11 45 21 00 48 8A 05 11 5E 40 8B 23 34 5E 69 66 05 11 32 5C 57 6D 01 11 01 36 4D 8A DD 68 15 23 08 10 37 32 6D 10 4D 8A 68 10 48 5C 75 8C EB 01 60 11 CB D0 6E 65 10 45 DD 68 DD 11 1B 34 23 10 BD 07 68 11 CA 65 50 8A || setup 01 00 00 1D 18 05 45 01 4D 07 48 01 00 4E 00 46 49 44 4A 08 05 4B 03 02 4C 04 40 3B 09 0A 08 08 08 08 08 08 08 37 35 08 13 00 0A 00 00 00 00 00 00 01 36 B0 60 01 11 5E 27 09 40 05 0E 09 13 3A 47 50
xParamValueFunction: steps=101 | 67 DD 04 DD 34 15 13 10 02 68 15 10 38 39 49 6D 69 14 25 0C 50 46 35 EA 66 5E 35 65 68 11 45 21 00 48 8A 05 11 5E 40 8B 23 34 5E 69 66 05 11 32 5C 57 6D 01 11 01 36 4D 8A DD 68 15 23 08 10 37 32 6D 10 4D 8A 68 10 48 5C 75 8C EB 01 60 11 CB D0 6E 65 10 45 DD 68 DD 11 1B 34 23 10 BD 07 68 11 CA 65 50 8A || setup 01 00 00 1D 18 05 45 01 4D 07 48 01 00 4E 00 46 49 44 4A 08 05 4B 03 02 4C 04 40 3B 09 0A 08 08 08 08 08 08 08 37 35 08 13 00 0A 00 00 00 00 00 00 01 36 B0 60 01 11 5E 27 09 40 05 0E 09 13 3A 47 50
xParamValueFunction+repeatedUnaryUpdateArgTemp: steps=101 | 67 DD 04 DD 34 15 13 10 02 68 15 10 38 39 49 6D 69 14 25 0C 50 46 35 EA 66 5E 35 65 68 11 45 21 00 48 8A 05 11 5E 40 8B 23 34 5E 69 66 05 11 32 5C 57 6D 01 11 01 36 4D 8A DD 68 15 23 08 10 37 32 6D 10 4D 8A 68 10 48 5C 75 8C EB 01 60 11 CB D0 6E 65 10 45 DD 68 DD 11 1B 34 23 10 BD 07 68 11 CA 65 50 8A || setup 01 00 00 1D 18 05 45 01 4D 07 48 01 00 4E 00 46 49 44 4A 08 05 4B 03 02 4C 04 40 3B 09 0A 08 08 08 08 08 08 08 37 35 08 13 00 0A 00 00 00 00 00 00 01 36 B0 60 01 11 5E 27 09 40 05 0E 09 13 3A 47 50
xParamValueFunction+repeatedUnaryUpdateArgTemp+coalesceCopies: steps=101 | 67 DD 04 DD 34 15 13 10 02 68 15 10 38 39 49 6D 69 14 25 0C 50 46 35 EA 66 5E 35 65 68 11 45 21 00 48 8A 05 11 5E 40 8B 23 34 5E 69 66 05 11 32 5C 57 6D 01 11 01 36 4D 8A DD 68 15 23 08 10 37 32 6D 10 4D 8A 68 10 48 5C 75 8C EB 01 60 11 CB D0 6E 65 10 45 DD 68 DD 11 1B 34 23 10 BD 07 68 11 CA 65 50 8A || setup 01 00 00 1D 18 05 45 01 4D 07 48 01 00 4E 00 46 49 44 4A 08 05 4B 03 02 4C 04 40 3B 09 0A 08 08 08 08 08 08 08 37 35 08 13 00 0A 00 00 00 00 00 00 01 36 B0 60 01 11 5E 27 09 40 05 0E 09 13 3A 47 50
shareRandomCell: steps=101 | 67 DD 04 DD 34 15 13 10 02 68 15 10 38 39 49 6D 69 14 25 0C 50 46 35 EA 66 5E 35 65 68 11 45 21 00 48 8A 05 11 5E 40 8B 23 34 5E 69 66 05 11 32 5C 57 6D 01 11 01 36 4D 8A DD 68 15 23 08 10 37 32 6D 10 4D 8A 68 10 48 5C 75 8C EB 01 60 11 CB D0 6E 65 10 45 DD 68 DD 11 1B 34 23 10 BD 07 68 11 CA 65 50 8A || setup 01 00 00 1D 18 05 45 01 4D 07 48 01 00 4E 00 46 49 44 4A 08 05 4B 03 02 4C 04 40 3B 09 0A 08 08 08 08 08 08 08 37 35 08 13 00 0A 00 00 00 00 00 00 01 36 B0 60 01 11 5E 27 09 40 05 0E 09 13 3A 47 50
shareRandomCell+hoistSharedHelpers: steps=101 | 67 DD 04 DD 34 15 13 10 02 68 15 10 38 39 49 6D 69 14 25 0C 50 46 35 EA 66 5E 35 65 68 11 45 21 00 48 8A 05 11 5E 40 8B 23 34 5E 69 66 05 11 32 5C 57 6D 01 11 01 36 4D 8A DD 68 15 23 08 10 37 32 6D 10 4D 8A 68 10 48 5C 75 8C EB 01 60 11 CB D0 6E 65 10 45 DD 68 DD 11 1B 34 23 10 BD 07 68 11 CA 65 50 8A || setup 01 00 00 1D 18 05 45 01 4D 07 48 01 00 4E 00 46 49 44 4A 08 05 4B 03 02 4C 04 40 3B 09 0A 08 08 08 08 08 08 08 37 35 08 13 00 0A 00 00 00 00 00 00 01 36 B0 60 01 11 5E 27 09 40 05 0E 09 13 3A 47 50
tailBranchInversion: steps=97 | 67 DD 04 DD 34 15 13 10 02 68 15 10 38 39 49 6D 69 14 25 0C 50 46 35 EA 66 5E 35 65 68 11 45 21 00 48 8A 05 11 7B 23 34 5E 67 66 05 11 32 5C 55 6D 01 11 01 36 4D 8A DD 68 15 23 08 10 37 32 6D 10 4D 8A 68 10 48 9C EB 01 60 11 CB D0 6E 65 10 45 DD 68 DD 11 1B 34 23 10 BD 07 68 11 CA 65 50 8A || setup 01 00 00 1D 18 05 45 01 4D 07 48 01 00 4E 00 46 49 44 4A 08 01 4B 03 02 4C 04 40 3B 09 0A 08 08 08 08 08 08 08 37 35 08 13 00 0A 00 00 00 00 00 00 01 36 B0 60 01 11 5E 27 09 40 05 0E 09 13 3A 47 50
hoistSharedHelpers+canonicalizeIfChains+tailBranchInversion: steps=97 | 67 DD 04 DD 34 15 13 10 02 68 15 10 38 39 49 6D 69 14 25 0C 50 46 35 EA 66 5E 35 65 68 11 45 21 00 48 8A 05 11 7B 23 34 5E 67 66 05 11 32 5C 55 6D 01 11 01 36 4D 8A DD 68 15 23 08 10 37 32 6D 10 4D 8A 68 10 48 9C EB 01 60 11 CB D0 6E 65 10 45 DD 68 DD 11 1B 34 23 10 BD 07 68 11 CA 65 50 8A || setup 01 00 00 1D 18 05 45 01 4D 07 48 01 00 4E 00 46 49 44 4A 08 01 4B 03 02 4C 04 40 3B 09 0A 08 08 08 08 08 08 08 37 35 08 13 00 0A 00 00 00 00 00 00 01 36 B0 60 01 11 5E 27 09 40 05 0E 09 13 3A 47 50
guardedPrologueGadgets: steps=101 | 67 DD 04 DD 34 15 13 10 02 68 15 10 38 39 49 6D 69 14 25 0C 50 46 35 EA 66 5E 35 65 68 11 45 21 00 48 8A 05 11 5E 40 8B 23 34 5E 69 66 05 11 32 5C 57 6D 01 11 01 36 4D 8A DD 68 15 23 08 10 37 32 6D 10 4D 8A 68 10 48 5C 75 8C EB 01 60 11 CB D0 6E 65 10 45 DD 68 DD 11 1B 34 23 10 BD 07 68 11 CA 65 50 8A || setup 01 00 00 1D 18 05 45 01 4D 07 48 01 00 4E 00 46 49 44 4A 08 05 4B 03 02 4C 04 40 3B 09 0A 08 08 08 08 08 08 08 37 35 08 13 00 0A 00 00 00 00 00 00 01 36 B0 60 01 11 5E 27 09 40 05 0E 09 13 3A 47 50
guardedPrologueGadgets+hoistSharedHelpers+hoistProcs: steps=103 | 8A DD 68 DD 11 1B 34 23 10 BD 07 68 11 CA 65 50 67 DD 04 DD 34 15 13 10 02 68 15 10 38 39 49 6D 69 14 25 0C 50 46 35 EA 66 5E 51 65 68 11 45 21 00 48 8A 05 11 5E 56 8B 23 34 5E 85 66 05 11 32 5C 73 6D 01 11 01 36 4D 8A DD 68 15 23 08 10 37 32 6D 10 4D 8A 68 10 48 5C 92 51 48 EB 01 60 11 CB D0 6E 65 10 45 8B || setup 01 00 00 1D 18 05 45 07 48 00 46 49 44 01 00 4E 01 06 4A 01 4D 4B 04 40 3B 09 0A 08 08 08 08 08 08 08 37 35 08 13 00 0A 00 00 00 00 00 00 01 36 B0 60 01 11 5E 24 09 40 05 0E 09 13 3A 47 50
sharedBitMaskHelperCalls: steps=101 | 67 DD 04 DD 34 15 13 10 02 68 15 10 38 39 49 6D 69 14 25 0C 50 46 35 EA 66 5E 35 65 68 11 45 21 00 48 8A 05 11 5E 40 8B 23 34 5E 69 66 05 11 32 5C 57 6D 01 11 01 36 4D 8A DD 68 15 23 08 10 37 32 6D 10 4D 8A 68 10 48 5C 75 8C EB 01 60 11 CB D0 6E 65 10 45 DD 68 DD 11 1B 34 23 10 BD 07 68 11 CA 65 50 8A || setup 01 00 00 1D 18 05 45 01 4D 07 48 01 00 4E 00 46 49 44 4A 08 05 4B 03 02 4C 04 40 3B 09 0A 08 08 08 08 08 08 08 37 35 08 13 00 0A 00 00 00 00 00 00 01 36 B0 60 01 11 5E 27 09 40 05 0E 09 13 3A 47 50
sharedBitMaskHelperCalls+hoistSharedHelpers: steps=101 | 67 DD 04 DD 34 15 13 10 02 68 15 10 38 39 49 6D 69 14 25 0C 50 46 35 EA 66 5E 35 65 68 11 45 21 00 48 8A 05 11 5E 40 8B 23 34 5E 69 66 05 11 32 5C 57 6D 01 11 01 36 4D 8A DD 68 15 23 08 10 37 32 6D 10 4D 8A 68 10 48 5C 75 8C EB 01 60 11 CB D0 6E 65 10 45 DD 68 DD 11 1B 34 23 10 BD 07 68 11 CA 65 50 8A || setup 01 00 00 1D 18 05 45 01 4D 07 48 01 00 4E 00 46 49 44 4A 08 05 4B 03 02 4C 04 40 3B 09 0A 08 08 08 08 08 08 08 37 35 08 13 00 0A 00 00 00 00 00 00 01 36 B0 60 01 11 5E 27 09 40 05 0E 09 13 3A 47 50
