00	Cx
01	69
02	70
03	1
04	0
05	64
06	4
07	178
08	FL2
09	8
10	99
11	97
12	-
13	Đ‘/Đš
14	Đš-
15	99
16	97
17	67
18	â†”
19	65
20	99
21	97
22	168
23	68
24	97
25	99
26	Đˇ/Đź
27	100
28	-
29	122
30	100
31	105
32	Đˇ/Đź
33	214
34	Đ‘Đź
35	72
36	5
37	105
38	Ă—
39	Đˇ/Đź
40	213
41	Fx>0
42	6
43	Đš-
44	ĐšĐťĐžĐź
45	101
46	Đ’â†‘
47	102
48	+
49	Ă·
50	1
51	0
52	Ă—
53	2
54	-
55	Đ‘/Đš
56	102
57	1
58	Đˇ/Đź
59	2
60	-
61	Đ‘/Đš
62	114
63	2
64	Đˇ/Đź
65	3
66	-
67	Đ‘/Đš
68	120
69	3
70	Đˇ/Đź
71	2
72	-
73	Đ‘/Đš
74	132
75	4
76	Đˇ/Đź
77	5
78	Đˇ/Đź
79	+
80	Đ’/Đž
81	-
82	Đ’/Đž
83	Ă—
84	Đ’/Đž
85	Ă·
86	Đš[x]
87	Đ’/Đž
88	103
89	Đ’Đź
90	9
91	Fcos
92	Farccos
93	7
94	Ă—
95	Đš{x}
96	71
97	Đ’/Đž
98	66
99	174
A0	109
A1	Ă—
A2	1
A3	+
A4	Đš[x]
