00	77
01	1
02	0
03	75
04	76
05	1
06	-
07	Ă—
08	108
09	/-/
10	Đˇ/Đź
11	108
12	1
13	-
14	74
15	â†”
16	Đ’â†‘
17	218
18	-
19	Fxâ‰Ą0
20	65
21	Fâ†»
22	108
23	1
24	-
25	76
26	F1/x
27	Fâ†»
28	220
29	186
30	Fâ†»
31	188
32	Đ‘Đź
33	F10^x
34	â†”
35	106
36	Fxâ‰Ą0
37	Farcsin
38	Đˇ/Đź
39	ĐźĐź
40	FL2
41	Đˇ/Đź
42	Đ‘/Đš
43	FLn
44	107
45	1
46	-
47	75
48	F1/x
49	Đ‘Đź
50	70
51	109
52	7
53	4
54	Ă—
55	Đ’â†‘
56	ĐšĐťĐžĐź
57	1
58	0
59	1
60	Ă·
61	FĐ’x
62	â†”
63	Đš[x]
64	Ă—
65	-
66	77
67	1
68	-
69	Đ’/Đž
70	0
71	0
72	0
73	0
74	0
75	0
76	0
77	0
78	0
79	0
80	0
81	0
82	0
83	0
84	0
85	0
86	0
87	0
88	0
89	0
90	0
91	0
92	0
93	0
94	0
95	0
96	0
97	0
98	74
99	ĐźĐź
A0	FL2
A1	186
A2	106
A3	Fxâ‰Ą0
A4	5
