00	Cx
01	Đůđč5
02	Đůđč6
03	đčĐů4
04	Đůđč1
05	đčĐů2
06	đčĐů1
07	FLn
08	đÜđčĐů5
09	đĹđč
10	đÜ-
11	đčĐů2
12	2
13	├Ś
14	Đůđč2
15	-
16	/-/
17	FxÔëą0
18	đÜđŚđŁ
19	đÜđčĐů6
20	đčĐů6
21	đčĐů7
22	đí/đč
23	đĹđč
24	3
25	đčĐů3
26	F¤Ç
27	+
28	Fe^x
29	đÜ{x}
30	Đůđč3
31	đčĐů2
32	├Ś
33	1
34	+
35	đÜ[x]
36	Đůđč2
37	đčĐů1
38	đčĐů2
39	2
40	├Ś
41	-
42	/-/
43	FxÔëą0
44	đÜ2
45	FL2
46	Đůđč3
47	1
48	Đůđč2
49	đčĐů1
50	đčĐů2
51	-
52	đĹđč
53	4
54	0
55	0
56	0
57	0
58	0
59	0
60	0
61	0
62	0
63	0
64	0
65	0
66	0
67	0
68	0
69	0
70	0
71	0
72	0
73	0
74	0
75	0
76	0
77	0
78	0
79	0
80	0
81	0
82	0
83	0
84	0
85	0
86	0
87	0
88	0
89	0
90	0
91	0
92	0
93	0
94	0
95	0
96	0
97	0
98	đí/đč
99	Đůđč2
A0	đčĐů1
A1	Ôćö
A2	-
A3	Đůđč1
A4	Fx=0
