primary: steps=65 | 50 0E 01 00 13 43 05 15 12 44 05 45 09 42 D5 40 63 60 11 57 46 60 35 63 35 11 57 50 01 00 12 60 34 63 34 11 57 50 31 14 31 11 57 50 51 51 02 00 0B 50 D4 58 14 64 07 15 10 61 39 35 0B 0C 07 50 82 || setup 09 01 1D 18 00 44 3B 4E 09 42 6E 03 07 12 35 4E 02 15 12 34 01 00 13 40 09 62 11 41 05 45 61 57 40 60 D5 11 57 10 5B 33 60 B5 58 10 01 02 00 00 02 02 06 0E 09 08 00 00 08 08 09 39 41 07 50
aggressiveTerminalDirect: steps=65 | 50 0E 01 00 13 43 05 15 12 44 05 45 09 42 D5 40 63 60 11 57 46 60 35 63 35 11 57 50 01 00 12 60 34 63 34 11 57 50 31 14 31 11 57 50 51 51 02 00 0B 50 D4 58 14 64 07 15 10 61 39 35 0B 0C 07 50 82 || setup 09 01 1D 18 00 44 3B 4E 09 42 6E 03 07 12 35 4E 02 15 12 34 01 00 13 40 09 62 11 41 05 45 61 57 40 60 D5 11 57 10 5B 33 60 B5 58 10 01 02 00 00 02 02 06 0E 09 08 00 00 08 08 09 39 41 07 50
invertBranchOrder: steps=65 | 50 0E 01 00 13 43 05 15 12 44 05 45 09 42 D5 40 63 60 11 57 46 60 35 63 35 11 57 50 01 00 12 60 34 63 34 11 57 50 31 14 31 11 57 50 51 51 02 00 0B 50 D4 58 14 64 07 15 10 61 39 35 0B 0C 07 50 82 || setup 09 01 1D 18 00 44 3B 4E 09 42 6E 03 07 12 35 4E 02 15 12 34 01 00 13 40 09 62 11 41 05 45 61 57 40 60 D5 11 57 10 5B 33 60 B5 58 10 01 02 00 00 02 02 06 0E 09 08 00 00 08 08 09 39 41 07 50
aggressiveTerminalDirect+invertBranchOrder: steps=65 | 50 0E 01 00 13 43 05 15 12 44 05 45 09 42 D5 40 63 60 11 57 46 60 35 63 35 11 57 50 01 00 12 60 34 63 34 11 57 50 31 14 31 11 57 50 51 51 02 00 0B 50 D4 58 14 64 07 15 10 61 39 35 0B 0C 07 50 82 || setup 09 01 1D 18 00 44 3B 4E 09 42 6E 03 07 12 35 4E 02 15 12 34 01 00 13 40 09 62 11 41 05 45 61 57 40 60 D5 11 57 10 5B 33 60 B5 58 10 01 02 00 00 02 02 06 0E 09 08 00 00 08 08 09 39 41 07 50
hoistSharedHelpers: steps=65 | 50 0E 01 00 13 43 05 15 12 44 05 45 09 42 D5 40 63 60 11 57 46 60 35 63 35 11 57 50 01 00 12 60 34 63 34 11 57 50 31 14 31 11 57 50 51 51 02 00 0B 50 D4 58 14 64 07 15 10 61 39 35 0B 0C 07 50 82 || setup 09 01 1D 18 00 44 3B 4E 09 42 6E 03 07 12 35 4E 02 15 12 34 01 00 13 40 09 62 11 41 05 45 61 57 40 60 D5 11 57 10 5B 33 60 B5 58 10 01 02 00 00 02 02 06 0E 09 08 00 00 08 08 09 39 41 07 50
hoistSharedHelpers+hoistProcs: steps=65 | 50 0E 01 00 13 43 05 15 12 44 05 45 09 42 D5 40 63 60 11 57 46 60 35 63 35 11 57 50 01 00 12 60 34 63 34 11 57 50 31 14 31 11 57 50 51 51 02 00 0B 50 D4 58 14 64 07 15 10 61 39 35 0B 0C 07 50 82 || setup 09 01 1D 18 00 44 3B 4E 09 42 6E 03 07 12 35 4E 02 15 12 34 01 00 13 40 09 62 11 41 05 45 61 57 40 60 D5 11 57 10 5B 33 60 B5 58 10 01 02 00 00 02 02 06 0E 09 08 00 00 08 08 09 39 41 07 50
canonicalizeIfChains: steps=65 | 50 0E 01 00 13 43 05 15 12 44 05 45 09 42 D5 40 63 60 11 57 46 60 35 63 35 11 57 50 01 00 12 60 34 63 34 11 57 50 31 14 31 11 57 50 51 51 02 00 0B 50 D4 58 14 64 07 15 10 61 39 35 0B 0C 07 50 82 || setup 09 01 1D 18 00 44 3B 4E 09 42 6E 03 07 12 35 4E 02 15 12 34 01 00 13 40 09 62 11 41 05 45 61 57 40 60 D5 11 57 10 5B 33 60 B5 58 10 01 02 00 00 02 02 06 0E 09 08 00 00 08 08 09 39 41 07 50
freeResidualDispatchScratch: steps=65 | 50 0E 01 00 13 43 05 15 12 44 05 45 09 42 D5 40 63 60 11 57 46 60 35 63 35 11 57 50 01 00 12 60 34 63 34 11 57 50 31 14 31 11 57 50 51 51 02 00 0B 50 D4 58 14 64 07 15 10 61 39 35 0B 0C 07 50 82 || setup 09 01 1D 18 00 44 3B 4E 09 42 6E 03 07 12 35 4E 02 15 12 34 01 00 13 40 09 62 11 41 05 45 61 57 40 60 D5 11 57 10 5B 33 60 B5 58 10 01 02 00 00 02 02 06 0E 09 08 00 00 08 08 09 39 41 07 50
aliasXReuse: steps=65 | 50 0E 01 00 13 43 05 15 12 44 05 45 09 42 D5 40 63 60 11 57 46 60 35 63 35 11 57 50 01 00 12 60 34 63 34 11 57 50 31 14 31 11 57 50 51 51 02 00 0B 50 D4 58 14 64 07 15 10 61 39 35 0B 0C 07 50 82 || setup 09 01 1D 18 00 44 3B 4E 09 42 6E 03 07 12 35 4E 02 15 12 34 01 00 13 40 09 62 11 41 05 45 61 57 40 60 D5 11 57 10 5B 33 60 B5 58 10 01 02 00 00 02 02 06 0E 09 08 00 00 08 08 09 39 41 07 50
coalesceCopies: steps=65 | 50 0E 01 00 13 43 05 15 12 44 05 45 09 42 D5 40 63 60 11 57 46 60 35 63 35 11 57 50 01 00 12 60 34 63 34 11 57 50 31 14 31 11 57 50 51 51 02 00 0B 50 D4 58 14 64 07 15 10 61 39 35 0B 0C 07 50 82 || setup 09 01 1D 18 00 44 3B 4E 09 42 6E 03 07 12 35 4E 02 15 12 34 01 00 13 40 09 62 11 41 05 45 61 57 40 60 D5 11 57 10 5B 33 60 B5 58 10 01 02 00 00 02 02 06 0E 09 08 00 00 08 08 09 39 41 07 50
freeResidualDispatchScratch+canonicalizeIfChains: steps=65 | 50 0E 01 00 13 43 05 15 12 44 05 45 09 42 D5 40 63 60 11 57 46 60 35 63 35 11 57 50 01 00 12 60 34 63 34 11 57 50 31 14 31 11 57 50 51 51 02 00 0B 50 D4 58 14 64 07 15 10 61 39 35 0B 0C 07 50 82 || setup 09 01 1D 18 00 44 3B 4E 09 42 6E 03 07 12 35 4E 02 15 12 34 01 00 13 40 09 62 11 41 05 45 61 57 40 60 D5 11 57 10 5B 33 60 B5 58 10 01 02 00 00 02 02 06 0E 09 08 00 00 08 08 09 39 41 07 50
repeatedUnaryUpdateArgTemp: steps=65 | 50 0E 01 00 13 43 05 15 12 44 05 45 09 42 D5 40 63 60 11 57 46 60 35 63 35 11 57 50 01 00 12 60 34 63 34 11 57 50 31 14 31 11 57 50 51 51 02 00 0B 50 D4 58 14 64 07 15 10 61 39 35 0B 0C 07 50 82 || setup 09 01 1D 18 00 44 3B 4E 09 42 6E 03 07 12 35 4E 02 15 12 34 01 00 13 40 09 62 11 41 05 45 61 57 40 60 D5 11 57 10 5B 33 60 B5 58 10 01 02 00 00 02 02 06 0E 09 08 00 00 08 08 09 39 41 07 50
xParamValueFunction: steps=65 | 50 0E 01 00 13 43 05 15 12 44 05 45 09 42 D5 40 63 60 11 57 46 60 35 63 35 11 57 50 01 00 12 60 34 63 34 11 57 50 31 14 31 11 57 50 51 51 02 00 0B 50 D4 58 14 64 07 15 10 61 39 35 0B 0C 07 50 82 || setup 09 01 1D 18 00 44 3B 4E 09 42 6E 03 07 12 35 4E 02 15 12 34 01 00 13 40 09 62 11 41 05 45 61 57 40 60 D5 11 57 10 5B 33 60 B5 58 10 01 02 00 00 02 02 06 0E 09 08 00 00 08 08 09 39 41 07 50
xParamValueFunction+repeatedUnaryUpdateArgTemp: steps=65 | 50 0E 01 00 13 43 05 15 12 44 05 45 09 42 D5 40 63 60 11 57 46 60 35 63 35 11 57 50 01 00 12 60 34 63 34 11 57 50 31 14 31 11 57 50 51 51 02 00 0B 50 D4 58 14 64 07 15 10 61 39 35 0B 0C 07 50 82 || setup 09 01 1D 18 00 44 3B 4E 09 42 6E 03 07 12 35 4E 02 15 12 34 01 00 13 40 09 62 11 41 05 45 61 57 40 60 D5 11 57 10 5B 33 60 B5 58 10 01 02 00 00 02 02 06 0E 09 08 00 00 08 08 09 39 41 07 50
xParamValueFunction+repeatedUnaryUpdateArgTemp+coalesceCopies: steps=65 | 50 0E 01 00 13 43 05 15 12 44 05 45 09 42 D5 40 63 60 11 57 46 60 35 63 35 11 57 50 01 00 12 60 34 63 34 11 57 50 31 14 31 11 57 50 51 51 02 00 0B 50 D4 58 14 64 07 15 10 61 39 35 0B 0C 07 50 82 || setup 09 01 1D 18 00 44 3B 4E 09 42 6E 03 07 12 35 4E 02 15 12 34 01 00 13 40 09 62 11 41 05 45 61 57 40 60 D5 11 57 10 5B 33 60 B5 58 10 01 02 00 00 02 02 06 0E 09 08 00 00 08 08 09 39 41 07 50
shareRandomCell: steps=65 | 50 0E 01 00 13 43 05 15 12 44 05 45 09 42 D5 40 63 60 11 57 46 60 35 63 35 11 57 50 01 00 12 60 34 63 34 11 57 50 31 14 31 11 57 50 51 51 02 00 0B 50 D4 58 14 64 07 15 10 61 39 35 0B 0C 07 50 82 || setup 09 01 1D 18 00 44 3B 4E 09 42 6E 03 07 12 35 4E 02 15 12 34 01 00 13 40 09 62 11 41 05 45 61 57 40 60 D5 11 57 10 5B 33 60 B5 58 10 01 02 00 00 02 02 06 0E 09 08 00 00 08 08 09 39 41 07 50
shareRandomCell+hoistSharedHelpers: steps=65 | 50 0E 01 00 13 43 05 15 12 44 05 45 09 42 D5 40 63 60 11 57 46 60 35 63 35 11 57 50 01 00 12 60 34 63 34 11 57 50 31 14 31 11 57 50 51 51 02 00 0B 50 D4 58 14 64 07 15 10 61 39 35 0B 0C 07 50 82 || setup 09 01 1D 18 00 44 3B 4E 09 42 6E 03 07 12 35 4E 02 15 12 34 01 00 13 40 09 62 11 41 05 45 61 57 40 60 D5 11 57 10 5B 33 60 B5 58 10 01 02 00 00 02 02 06 0E 09 08 00 00 08 08 09 39 41 07 50
tailBranchInversion: steps=65 | 50 0E 01 00 13 43 05 15 12 44 05 45 09 42 D5 40 63 60 11 57 46 60 35 63 35 11 57 50 01 00 12 60 34 63 34 11 57 50 31 14 31 11 57 50 51 51 02 00 0B 50 D4 58 14 64 07 15 10 61 39 35 0B 0C 07 50 82 || setup 09 01 1D 18 00 44 3B 4E 09 42 6E 03 07 12 35 4E 02 15 12 34 01 00 13 40 09 62 11 41 05 45 61 57 40 60 D5 11 57 10 5B 33 60 B5 58 10 01 02 00 00 02 02 06 0E 09 08 00 00 08 08 09 39 41 07 50
hoistSharedHelpers+canonicalizeIfChains+tailBranchInversion: steps=65 | 50 0E 01 00 13 43 05 15 12 44 05 45 09 42 D5 40 63 60 11 57 46 60 35 63 35 11 57 50 01 00 12 60 34 63 34 11 57 50 31 14 31 11 57 50 51 51 02 00 0B 50 D4 58 14 64 07 15 10 61 39 35 0B 0C 07 50 82 || setup 09 01 1D 18 00 44 3B 4E 09 42 6E 03 07 12 35 4E 02 15 12 34 01 00 13 40 09 62 11 41 05 45 61 57 40 60 D5 11 57 10 5B 33 60 B5 58 10 01 02 00 00 02 02 06 0E 09 08 00 00 08 08 09 39 41 07 50
guardedPrologueGadgets: steps=65 | 50 0E 01 00 13 43 05 15 12 44 05 45 09 42 D5 40 63 60 11 57 46 60 35 63 35 11 57 50 01 00 12 60 34 63 34 11 57 50 31 14 31 11 57 50 51 51 02 00 0B 50 D4 58 14 64 07 15 10 61 39 35 0B 0C 07 50 82 || setup 09 01 1D 18 00 44 3B 4E 09 42 6E 03 07 12 35 4E 02 15 12 34 01 00 13 40 09 62 11 41 05 45 61 57 40 60 D5 11 57 10 5B 33 60 B5 58 10 01 02 00 00 02 02 06 0E 09 08 00 00 08 08 09 39 41 07 50
guardedPrologueGadgets+hoistSharedHelpers+hoistProcs: steps=65 | 50 0E 01 00 13 43 05 15 12 44 05 45 09 42 D5 40 63 60 11 57 46 60 35 63 35 11 57 50 01 00 12 60 34 63 34 11 57 50 31 14 31 11 57 50 51 51 02 00 0B 50 D4 58 14 64 07 15 10 61 39 35 0B 0C 07 50 82 || setup 09 01 1D 18 00 44 3B 4E 09 42 6E 03 07 12 35 4E 02 15 12 34 01 00 13 40 09 62 11 41 05 45 61 57 40 60 D5 11 57 10 5B 33 60 B5 58 10 01 02 00 00 02 02 06 0E 09 08 00 00 08 08 09 39 41 07 50
sharedBitMaskHelperCalls: steps=65 | 50 0E 01 00 13 43 05 15 12 44 05 45 09 42 D5 40 63 60 11 57 46 60 35 63 35 11 57 50 01 00 12 60 34 63 34 11 57 50 31 14 31 11 57 50 51 51 02 00 0B 50 D4 58 14 64 07 15 10 61 39 35 0B 0C 07 50 82 || setup 09 01 1D 18 00 44 3B 4E 09 42 6E 03 07 12 35 4E 02 15 12 34 01 00 13 40 09 62 11 41 05 45 61 57 40 60 D5 11 57 10 5B 33 60 B5 58 10 01 02 00 00 02 02 06 0E 09 08 00 00 08 08 09 39 41 07 50
sharedBitMaskHelperCalls+hoistSharedHelpers: steps=65 | 50 0E 01 00 13 43 05 15 12 44 05 45 09 42 D5 40 63 60 11 57 46 60 35 63 35 11 57 50 01 00 12 60 34 63 34 11 57 50 31 14 31 11 57 50 51 51 02 00 0B 50 D4 58 14 64 07 15 10 61 39 35 0B 0C 07 50 82 || setup 09 01 1D 18 00 44 3B 4E 09 42 6E 03 07 12 35 4E 02 15 12 34 01 00 13 40 09 62 11 41 05 45 61 57 40 60 D5 11 57 10 5B 33 60 B5 58 10 01 02 00 00 02 02 06 0E 09 08 00 00 08 08 09 39 41 07 50
