primary: steps=114 | 6D 50 45 61 01 11 5C 10 51 08 41 14 31 05 11 5E 21 65 32 51 A1 65 5E 46 60 57 44 62 02 11 59 44 42 66 60 35 3A 37 46 60 4D 00 40 87 50 87 04 11 5E 60 6D 6C 11 5E 57 68 50 6B 51 A1 06 11 5E 90 64 6D 35 3A 37 44 11 57 88 DD 04 6D 11 22 10 0E 50 1C 01 10 12 34 BD 87 50 87 04 10 5E 97 6E 51 A1 0B 32 6A 12 6D 10 40 35 66 37 5E 6F 51 39 00 50 87 || setup 04 42 01 00 49 01 01 48 00 0A 00 00 00 00 00 01 4B 6B 0B 4E 03 0A 00 00 00 00 00 00 08 4C 02 0C 07 0B 4A 00 45 43 47 14 41 14 4D 3B 09 09 09 12 0E 35 11 46 3B 09 09 09 12 0E 35 11 44 50
aggressiveTerminalDirect: steps=114 | 6D 50 45 61 01 11 5C 10 51 08 41 14 31 05 11 5E 21 65 32 51 A1 65 5E 46 60 57 44 62 02 11 59 44 42 66 60 35 3A 37 46 60 4D 00 40 87 50 87 04 11 5E 60 6D 6C 11 5E 57 68 50 6B 51 A1 06 11 5E 90 64 6D 35 3A 37 44 11 57 88 DD 04 6D 11 22 10 0E 50 1C 01 10 12 34 BD 87 50 87 04 10 5E 97 6E 51 A1 0B 32 6A 12 6D 10 40 35 66 37 5E 6F 51 39 00 50 87 || setup 04 42 01 00 49 01 01 48 00 0A 00 00 00 00 00 01 4B 6B 0B 4E 03 0A 00 00 00 00 00 00 08 4C 02 0C 07 0B 4A 00 45 43 47 14 41 14 4D 3B 09 09 09 12 0E 35 11 46 3B 09 09 09 12 0E 35 11 44 50
invertBranchOrder: steps=114 | 6D 50 45 61 01 11 5C 10 51 08 41 14 31 05 11 5E 21 65 32 51 A1 65 5E 46 60 57 44 62 02 11 59 44 42 66 60 35 3A 37 46 60 4D 00 40 87 50 87 04 11 5E 60 6D 6C 11 5E 57 68 50 6B 51 A1 06 11 5E 90 64 6D 35 3A 37 44 11 57 88 DD 04 6D 11 22 10 0E 50 1C 01 10 12 34 BD 87 50 87 04 10 5E 97 6E 51 A1 0B 32 6A 12 6D 10 40 35 66 37 5E 6F 51 39 00 50 87 || setup 04 42 01 00 49 01 01 48 00 0A 00 00 00 00 00 01 4B 6B 0B 4E 03 0A 00 00 00 00 00 00 08 4C 02 0C 07 0B 4A 00 45 43 47 14 41 14 4D 3B 09 09 09 12 0E 35 11 46 3B 09 09 09 12 0E 35 11 44 50
aggressiveTerminalDirect+invertBranchOrder: steps=114 | 6D 50 45 61 01 11 5C 10 51 08 41 14 31 05 11 5E 21 65 32 51 A1 65 5E 46 60 57 44 62 02 11 59 44 42 66 60 35 3A 37 46 60 4D 00 40 87 50 87 04 11 5E 60 6D 6C 11 5E 57 68 50 6B 51 A1 06 11 5E 90 64 6D 35 3A 37 44 11 57 88 DD 04 6D 11 22 10 0E 50 1C 01 10 12 34 BD 87 50 87 04 10 5E 97 6E 51 A1 0B 32 6A 12 6D 10 40 35 66 37 5E 6F 51 39 00 50 87 || setup 04 42 01 00 49 01 01 48 00 0A 00 00 00 00 00 01 4B 6B 0B 4E 03 0A 00 00 00 00 00 00 08 4C 02 0C 07 0B 4A 00 45 43 47 14 41 14 4D 3B 09 09 09 12 0E 35 11 46 3B 09 09 09 12 0E 35 11 44 50
hoistSharedHelpers: steps=114 | 6D 50 45 61 01 11 5C 10 51 08 41 14 31 05 11 5E 21 65 32 51 A1 65 5E 46 60 57 44 62 02 11 59 44 42 66 60 35 3A 37 46 60 4D 00 40 87 50 87 04 11 5E 60 6D 6C 11 5E 57 68 50 6B 51 A1 06 11 5E 90 64 6D 35 3A 37 44 11 57 88 DD 04 6D 11 22 10 0E 50 1C 01 10 12 34 BD 87 50 87 04 10 5E 97 6E 51 A1 0B 32 6A 12 6D 10 40 35 66 37 5E 6F 51 39 00 50 87 || setup 04 42 01 00 49 01 01 48 00 0A 00 00 00 00 00 01 4B 6B 0B 4E 03 0A 00 00 00 00 00 00 08 4C 02 0C 07 0B 4A 00 45 43 47 14 41 14 4D 3B 09 09 09 12 0E 35 11 46 3B 09 09 09 12 0E 35 11 44 50
hoistSharedHelpers+hoistProcs: steps=121 | 51 18 6D 10 40 35 66 37 5E 16 60 4D 00 40 51 18 00 50 6D 50 45 61 01 11 5C 28 51 26 41 14 31 05 11 5E 38 65 32 87 65 5E 65 60 57 62 62 02 11 59 62 42 66 60 35 3A 37 46 60 4D 00 40 51 18 50 51 18 04 11 5E 78 6D 6C 11 5E 76 68 50 6B 87 06 11 5E 6E 64 6D 35 3A 37 44 11 57 6B DD 04 6D 11 22 10 0E 50 1C 01 10 12 34 BD 51 18 50 51 18 04 10 5E 74 6E 87 0B 32 6A 12 87 || setup 04 42 00 45 43 01 00 49 01 01 48 00 0A 00 00 00 00 00 01 4B 6B 0B 4E 03 0A 00 00 00 00 00 00 08 4C 02 0C 07 0B 4A 02 47 14 41 14 4D 3B 09 09 09 12 0E 35 11 46 3B 09 09 09 12 0E 35 11 44 50
canonicalizeIfChains: steps=114 | 6D 50 45 61 01 11 5C 10 51 08 41 14 31 05 11 5E 21 65 32 51 A1 65 5E 46 60 57 44 62 02 11 59 44 42 66 60 35 3A 37 46 60 4D 00 40 87 50 87 04 11 5E 60 6D 6C 11 5E 57 68 50 6B 51 A1 06 11 5E 90 64 6D 35 3A 37 44 11 57 88 DD 04 6D 11 22 10 0E 50 1C 01 10 12 34 BD 87 50 87 04 10 5E 97 6E 51 A1 0B 32 6A 12 6D 10 40 35 66 37 5E 6F 51 39 00 50 87 || setup 04 42 01 00 49 01 01 48 00 0A 00 00 00 00 00 01 4B 6B 0B 4E 03 0A 00 00 00 00 00 00 08 4C 02 0C 07 0B 4A 00 45 43 47 14 41 14 4D 3B 09 09 09 12 0E 35 11 46 3B 09 09 09 12 0E 35 11 44 50
freeResidualDispatchScratch: steps=114 | 6D 50 45 61 01 11 5C 10 51 08 41 14 31 05 11 5E 21 65 32 51 A1 65 5E 46 60 57 44 62 02 11 59 44 42 66 60 35 3A 37 46 60 4D 00 40 87 50 87 04 11 5E 60 6D 6C 11 5E 57 68 50 6B 51 A1 06 11 5E 90 64 6D 35 3A 37 44 11 57 88 DD 04 6D 11 22 10 0E 50 1C 01 10 12 34 BD 87 50 87 04 10 5E 97 6E 51 A1 0B 32 6A 12 6D 10 40 35 66 37 5E 6F 51 39 00 50 87 || setup 04 42 01 00 49 01 01 48 00 0A 00 00 00 00 00 01 4B 6B 0B 4E 03 0A 00 00 00 00 00 00 08 4C 02 0C 07 0B 4A 00 45 43 47 14 41 14 4D 3B 09 09 09 12 0E 35 11 46 3B 09 09 09 12 0E 35 11 44 50
aliasXReuse: steps=114 | 6D 50 45 61 01 11 5C 10 51 08 41 14 31 05 11 5E 21 65 32 51 A1 65 5E 46 60 57 44 62 02 11 59 44 42 66 60 35 3A 37 46 60 4D 00 40 87 50 87 04 11 5E 60 6D 6C 11 5E 57 68 50 6B 51 A1 06 11 5E 90 64 6D 35 3A 37 44 11 57 88 DD 04 6D 11 22 10 0E 50 1C 01 10 12 34 BD 87 50 87 04 10 5E 97 6E 51 A1 0B 32 6A 12 6D 10 40 35 66 37 5E 6F 51 39 00 50 87 || setup 04 42 01 00 49 01 01 48 00 0A 00 00 00 00 00 01 4B 6B 0B 4E 03 0A 00 00 00 00 00 00 08 4C 02 0C 07 0B 4A 00 45 43 47 14 41 14 4D 3B 09 09 09 12 0E 35 11 46 3B 09 09 09 12 0E 35 11 44 50
coalesceCopies: steps=114 | 6D 50 45 61 01 11 5C 10 51 08 41 14 31 05 11 5E 21 65 32 51 A1 65 5E 46 60 57 44 62 02 11 59 44 42 66 60 35 3A 37 46 60 4D 00 40 87 50 87 04 11 5E 60 6D 6C 11 5E 57 68 50 6B 51 A1 06 11 5E 90 64 6D 35 3A 37 44 11 57 88 DD 04 6D 11 22 10 0E 50 1C 01 10 12 34 BD 87 50 87 04 10 5E 97 6E 51 A1 0B 32 6A 12 6D 10 40 35 66 37 5E 6F 51 39 00 50 87 || setup 04 42 01 00 49 01 01 48 00 0A 00 00 00 00 00 01 4B 6B 0B 4E 03 0A 00 00 00 00 00 00 08 4C 02 0C 07 0B 4A 00 45 43 47 14 41 14 4D 3B 09 09 09 12 0E 35 11 46 3B 09 09 09 12 0E 35 11 44 50
freeResidualDispatchScratch+canonicalizeIfChains: steps=114 | 6D 50 45 61 01 11 5C 10 51 08 41 14 31 05 11 5E 21 65 32 51 A1 65 5E 46 60 57 44 62 02 11 59 44 42 66 60 35 3A 37 46 60 4D 00 40 87 50 87 04 11 5E 60 6D 6C 11 5E 57 68 50 6B 51 A1 06 11 5E 90 64 6D 35 3A 37 44 11 57 88 DD 04 6D 11 22 10 0E 50 1C 01 10 12 34 BD 87 50 87 04 10 5E 97 6E 51 A1 0B 32 6A 12 6D 10 40 35 66 37 5E 6F 51 39 00 50 87 || setup 04 42 01 00 49 01 01 48 00 0A 00 00 00 00 00 01 4B 6B 0B 4E 03 0A 00 00 00 00 00 00 08 4C 02 0C 07 0B 4A 00 45 43 47 14 41 14 4D 3B 09 09 09 12 0E 35 11 46 3B 09 09 09 12 0E 35 11 44 50
repeatedUnaryUpdateArgTemp: steps=114 | 6D 50 45 61 01 11 5C 10 51 08 41 14 31 05 11 5E 21 65 32 51 A1 65 5E 46 60 57 44 62 02 11 59 44 42 66 60 35 3A 37 46 60 4D 00 40 87 50 87 04 11 5E 60 6D 6C 11 5E 57 68 50 6B 51 A1 06 11 5E 90 64 6D 35 3A 37 44 11 57 88 DD 04 6D 11 22 10 0E 50 1C 01 10 12 34 BD 87 50 87 04 10 5E 97 6E 51 A1 0B 32 6A 12 6D 10 40 35 66 37 5E 6F 51 39 00 50 87 || setup 04 42 01 00 49 01 01 48 00 0A 00 00 00 00 00 01 4B 6B 0B 4E 03 0A 00 00 00 00 00 00 08 4C 02 0C 07 0B 4A 00 45 43 47 14 41 14 4D 3B 09 09 09 12 0E 35 11 46 3B 09 09 09 12 0E 35 11 44 50
xParamValueFunction: steps=114 | 6D 50 45 61 01 11 5C 10 51 08 41 14 31 05 11 5E 21 65 32 51 A1 65 5E 46 60 57 44 62 02 11 59 44 42 66 60 35 3A 37 46 60 4D 00 40 87 50 87 04 11 5E 60 6D 6C 11 5E 57 68 50 6B 51 A1 06 11 5E 90 64 6D 35 3A 37 44 11 57 88 DD 04 6D 11 22 10 0E 50 1C 01 10 12 34 BD 87 50 87 04 10 5E 97 6E 51 A1 0B 32 6A 12 6D 10 40 35 66 37 5E 6F 51 39 00 50 87 || setup 04 42 01 00 49 01 01 48 00 0A 00 00 00 00 00 01 4B 6B 0B 4E 03 0A 00 00 00 00 00 00 08 4C 02 0C 07 0B 4A 00 45 43 47 14 41 14 4D 3B 09 09 09 12 0E 35 11 46 3B 09 09 09 12 0E 35 11 44 50
xParamValueFunction+repeatedUnaryUpdateArgTemp: steps=114 | 6D 50 45 61 01 11 5C 10 51 08 41 14 31 05 11 5E 21 65 32 51 A1 65 5E 46 60 57 44 62 02 11 59 44 42 66 60 35 3A 37 46 60 4D 00 40 87 50 87 04 11 5E 60 6D 6C 11 5E 57 68 50 6B 51 A1 06 11 5E 90 64 6D 35 3A 37 44 11 57 88 DD 04 6D 11 22 10 0E 50 1C 01 10 12 34 BD 87 50 87 04 10 5E 97 6E 51 A1 0B 32 6A 12 6D 10 40 35 66 37 5E 6F 51 39 00 50 87 || setup 04 42 01 00 49 01 01 48 00 0A 00 00 00 00 00 01 4B 6B 0B 4E 03 0A 00 00 00 00 00 00 08 4C 02 0C 07 0B 4A 00 45 43 47 14 41 14 4D 3B 09 09 09 12 0E 35 11 46 3B 09 09 09 12 0E 35 11 44 50
xParamValueFunction+repeatedUnaryUpdateArgTemp+coalesceCopies: steps=114 | 6D 50 45 61 01 11 5C 10 51 08 41 14 31 05 11 5E 21 65 32 51 A1 65 5E 46 60 57 44 62 02 11 59 44 42 66 60 35 3A 37 46 60 4D 00 40 87 50 87 04 11 5E 60 6D 6C 11 5E 57 68 50 6B 51 A1 06 11 5E 90 64 6D 35 3A 37 44 11 57 88 DD 04 6D 11 22 10 0E 50 1C 01 10 12 34 BD 87 50 87 04 10 5E 97 6E 51 A1 0B 32 6A 12 6D 10 40 35 66 37 5E 6F 51 39 00 50 87 || setup 04 42 01 00 49 01 01 48 00 0A 00 00 00 00 00 01 4B 6B 0B 4E 03 0A 00 00 00 00 00 00 08 4C 02 0C 07 0B 4A 00 45 43 47 14 41 14 4D 3B 09 09 09 12 0E 35 11 46 3B 09 09 09 12 0E 35 11 44 50
shareRandomCell: steps=114 | 6D 50 45 61 01 11 5C 10 51 08 41 14 31 05 11 5E 21 65 32 51 A1 65 5E 46 60 57 44 62 02 11 59 44 42 66 60 35 3A 37 46 60 4D 00 40 87 50 87 04 11 5E 60 6D 6C 11 5E 57 68 50 6B 51 A1 06 11 5E 90 64 6D 35 3A 37 44 11 57 88 DD 04 6D 11 22 10 0E 50 1C 01 10 12 34 BD 87 50 87 04 10 5E 97 6E 51 A1 0B 32 6A 12 6D 10 40 35 66 37 5E 6F 51 39 00 50 87 || setup 04 42 01 00 49 01 01 48 00 0A 00 00 00 00 00 01 4B 6B 0B 4E 03 0A 00 00 00 00 00 00 08 4C 02 0C 07 0B 4A 00 45 43 47 14 41 14 4D 3B 09 09 09 12 0E 35 11 46 3B 09 09 09 12 0E 35 11 44 50
shareRandomCell+hoistSharedHelpers: steps=114 | 6D 50 45 61 01 11 5C 10 51 08 41 14 31 05 11 5E 21 65 32 51 A1 65 5E 46 60 57 44 62 02 11 59 44 42 66 60 35 3A 37 46 60 4D 00 40 87 50 87 04 11 5E 60 6D 6C 11 5E 57 68 50 6B 51 A1 06 11 5E 90 64 6D 35 3A 37 44 11 57 88 DD 04 6D 11 22 10 0E 50 1C 01 10 12 34 BD 87 50 87 04 10 5E 97 6E 51 A1 0B 32 6A 12 6D 10 40 35 66 37 5E 6F 51 39 00 50 87 || setup 04 42 01 00 49 01 01 48 00 0A 00 00 00 00 00 01 4B 6B 0B 4E 03 0A 00 00 00 00 00 00 08 4C 02 0C 07 0B 4A 00 45 43 47 14 41 14 4D 3B 09 09 09 12 0E 35 11 46 3B 09 09 09 12 0E 35 11 44 50
tailBranchInversion: throws Unknown label '__loop_2'
hoistSharedHelpers+canonicalizeIfChains+tailBranchInversion: throws Unknown label '__loop_2'
guardedPrologueGadgets: steps=114 | 6D 50 45 61 01 11 5C 10 51 08 41 14 31 05 11 5E 21 65 32 51 A1 65 5E 46 60 57 44 62 02 11 59 44 42 66 60 35 3A 37 46 60 4D 00 40 87 50 87 04 11 5E 60 6D 6C 11 5E 57 68 50 6B 51 A1 06 11 5E 90 64 6D 35 3A 37 44 11 57 88 DD 04 6D 11 22 10 0E 50 1C 01 10 12 34 BD 87 50 87 04 10 5E 97 6E 51 A1 0B 32 6A 12 6D 10 40 35 66 37 5E 6F 51 39 00 50 87 || setup 04 42 01 00 49 01 01 48 00 0A 00 00 00 00 00 01 4B 6B 0B 4E 03 0A 00 00 00 00 00 00 08 4C 02 0C 07 0B 4A 00 45 43 47 14 41 14 4D 3B 09 09 09 12 0E 35 11 46 3B 09 09 09 12 0E 35 11 44 50
guardedPrologueGadgets+hoistSharedHelpers+hoistProcs: steps=121 | 51 18 6D 10 40 35 66 37 5E 16 60 4D 00 40 51 18 00 50 6D 50 45 61 01 11 5C 28 51 26 41 14 31 05 11 5E 38 65 32 87 65 5E 65 60 57 62 62 02 11 59 62 42 66 60 35 3A 37 46 60 4D 00 40 51 18 50 51 18 04 11 5E 78 6D 6C 11 5E 76 68 50 6B 87 06 11 5E 6E 64 6D 35 3A 37 44 11 57 6B DD 04 6D 11 22 10 0E 50 1C 01 10 12 34 BD 51 18 50 51 18 04 10 5E 74 6E 87 0B 32 6A 12 87 || setup 04 42 00 45 43 01 00 49 01 01 48 00 0A 00 00 00 00 00 01 4B 6B 0B 4E 03 0A 00 00 00 00 00 00 08 4C 02 0C 07 0B 4A 02 47 14 41 14 4D 3B 09 09 09 12 0E 35 11 46 3B 09 09 09 12 0E 35 11 44 50
sharedBitMaskHelperCalls: steps=114 | 6D 50 45 61 01 11 5C 10 51 08 41 14 31 05 11 5E 21 65 32 51 A1 65 5E 46 60 57 44 62 02 11 59 44 42 66 60 35 3A 37 46 60 4D 00 40 87 50 87 04 11 5E 60 6D 6C 11 5E 57 68 50 6B 51 A1 06 11 5E 90 64 6D 35 3A 37 44 11 57 88 DD 04 6D 11 22 10 0E 50 1C 01 10 12 34 BD 87 50 87 04 10 5E 97 6E 51 A1 0B 32 6A 12 6D 10 40 35 66 37 5E 6F 51 39 00 50 87 || setup 04 42 01 00 49 01 01 48 00 0A 00 00 00 00 00 01 4B 6B 0B 4E 03 0A 00 00 00 00 00 00 08 4C 02 0C 07 0B 4A 00 45 43 47 14 41 14 4D 3B 09 09 09 12 0E 35 11 46 3B 09 09 09 12 0E 35 11 44 50
sharedBitMaskHelperCalls+hoistSharedHelpers: steps=114 | 6D 50 45 61 01 11 5C 10 51 08 41 14 31 05 11 5E 21 65 32 51 A1 65 5E 46 60 57 44 62 02 11 59 44 42 66 60 35 3A 37 46 60 4D 00 40 87 50 87 04 11 5E 60 6D 6C 11 5E 57 68 50 6B 51 A1 06 11 5E 90 64 6D 35 3A 37 44 11 57 88 DD 04 6D 11 22 10 0E 50 1C 01 10 12 34 BD 87 50 87 04 10 5E 97 6E 51 A1 0B 32 6A 12 6D 10 40 35 66 37 5E 6F 51 39 00 50 87 || setup 04 42 01 00 49 01 01 48 00 0A 00 00 00 00 00 01 4B 6B 0B 4E 03 0A 00 00 00 00 00 00 08 4C 02 0C 07 0B 4A 00 45 43 47 14 41 14 4D 3B 09 09 09 12 0E 35 11 46 3B 09 09 09 12 0E 35 11 44 50
