primary: steps=87 | 62 6E 12 63 10 50 60 50 0E 04 11 5E 19 62 01 11 42 51 61 02 11 5E 38 01 62 10 42 07 11 59 61 02 42 3B 40 50 51 61 02 11 5E 48 01 63 10 43 51 61 06 10 5E 57 63 01 11 51 45 53 79 51 00 62 0B 59 67 53 79 60 62 15 13 35 6E 12 34 63 11 5E 00 D4 64 03 11 59 86 29 52
aggressiveTerminalDirect: steps=87 | 62 6E 12 63 10 50 60 50 0E 04 11 5E 19 62 01 11 42 51 61 02 11 5E 38 01 62 10 42 07 11 59 61 02 42 3B 40 50 51 61 02 11 5E 48 01 63 10 43 51 61 06 10 5E 57 63 01 11 51 45 53 79 51 00 62 0B 59 67 53 79 60 62 15 13 35 6E 12 34 63 11 5E 00 D4 64 03 11 59 86 29 52
invertBranchOrder: steps=89 | 62 6E 12 63 10 50 60 50 0E 04 11 5E 19 62 01 11 42 51 61 02 11 5E 38 01 62 10 42 07 11 59 61 02 42 3B 40 50 51 61 02 11 5E 48 01 63 10 43 51 61 06 10 5E 57 63 01 11 51 45 53 81 51 00 62 0B 59 67 53 81 60 62 15 13 35 6E 12 34 63 11 57 81 51 00 D4 64 03 11 59 88 29 52
aggressiveTerminalDirect+invertBranchOrder: steps=89 | 62 6E 12 63 10 50 60 50 0E 04 11 5E 19 62 01 11 42 51 61 02 11 5E 38 01 62 10 42 07 11 59 61 02 42 3B 40 50 51 61 02 11 5E 48 01 63 10 43 51 61 06 10 5E 57 63 01 11 51 45 53 81 51 00 62 0B 59 67 53 81 60 62 15 13 35 6E 12 34 63 11 57 81 51 00 D4 64 03 11 59 88 29 52
hoistSharedHelpers: steps=87 | 62 6E 12 63 10 50 60 50 0E 04 11 5E 19 62 01 11 42 51 61 02 11 5E 38 01 62 10 42 07 11 59 61 02 42 3B 40 50 51 61 02 11 5E 48 01 63 10 43 51 61 06 10 5E 57 63 01 11 51 45 53 79 51 00 62 0B 59 67 53 79 60 62 15 13 35 6E 12 34 63 11 5E 00 D4 64 03 11 59 86 29 52
hoistSharedHelpers+hoistProcs: steps=97 | 51 38 62 0B 59 08 53 30 60 62 15 13 35 6E 12 34 63 11 5E 22 51 30 62 6E 12 63 10 50 51 38 D4 64 03 11 59 37 29 52 62 6E 12 63 10 50 60 50 0E 04 11 5E 56 62 01 11 42 51 02 11 5E 74 01 62 10 42 07 11 59 02 02 42 3B 40 50 51 02 11 5E 84 01 63 10 43 51 02 06 10 5E 93 63 01 11 51 81 53 30 51 38
canonicalizeIfChains: steps=87 | 62 6E 12 63 10 50 60 50 0E 04 11 5E 19 62 01 11 42 51 61 02 11 5E 38 01 62 10 42 07 11 59 61 02 42 3B 40 50 51 61 02 11 5E 48 01 63 10 43 51 61 06 10 5E 57 63 01 11 51 45 53 79 51 00 62 0B 59 67 53 79 60 62 15 13 35 6E 12 34 63 11 5E 00 D4 64 03 11 59 86 29 52
freeResidualDispatchScratch: steps=87 | 62 6E 12 63 10 50 60 50 0E 04 11 5E 19 62 01 11 42 51 61 02 11 5E 38 01 62 10 42 07 11 59 61 02 42 3B 40 50 51 61 02 11 5E 48 01 63 10 43 51 61 06 10 5E 57 63 01 11 51 45 53 79 51 00 62 0B 59 67 53 79 60 62 15 13 35 6E 12 34 63 11 5E 00 D4 64 03 11 59 86 29 52
aliasXReuse: steps=87 | 62 6E 12 63 10 50 60 50 0E 04 11 5E 19 62 01 11 42 51 61 02 11 5E 38 01 62 10 42 07 11 59 61 02 42 3B 40 50 51 61 02 11 5E 48 01 63 10 43 51 61 06 10 5E 57 63 01 11 51 45 53 79 51 00 62 0B 59 67 53 79 60 62 15 13 35 6E 12 34 63 11 5E 00 D4 64 03 11 59 86 29 52
coalesceCopies: steps=87 | 62 6E 12 63 10 50 60 50 0E 04 11 5E 19 62 01 11 42 51 61 02 11 5E 38 01 62 10 42 07 11 59 61 02 42 3B 40 50 51 61 02 11 5E 48 01 63 10 43 51 61 06 10 5E 57 63 01 11 51 45 53 79 51 00 62 0B 59 67 53 79 60 62 15 13 35 6E 12 34 63 11 5E 00 D4 64 03 11 59 86 29 52
freeResidualDispatchScratch+canonicalizeIfChains: steps=87 | 62 6E 12 63 10 50 60 50 0E 04 11 5E 19 62 01 11 42 51 61 02 11 5E 38 01 62 10 42 07 11 59 61 02 42 3B 40 50 51 61 02 11 5E 48 01 63 10 43 51 61 06 10 5E 57 63 01 11 51 45 53 79 51 00 62 0B 59 67 53 79 60 62 15 13 35 6E 12 34 63 11 5E 00 D4 64 03 11 59 86 29 52
repeatedUnaryUpdateArgTemp: steps=87 | 62 6E 12 63 10 50 60 50 0E 04 11 5E 19 62 01 11 42 51 61 02 11 5E 38 01 62 10 42 07 11 59 61 02 42 3B 40 50 51 61 02 11 5E 48 01 63 10 43 51 61 06 10 5E 57 63 01 11 51 45 53 79 51 00 62 0B 59 67 53 79 60 62 15 13 35 6E 12 34 63 11 5E 00 D4 64 03 11 59 86 29 52
xParamValueFunction: steps=87 | 62 6E 12 63 10 50 60 50 0E 04 11 5E 19 62 01 11 42 51 61 02 11 5E 38 01 62 10 42 07 11 59 61 02 42 3B 40 50 51 61 02 11 5E 48 01 63 10 43 51 61 06 10 5E 57 63 01 11 51 45 53 79 51 00 62 0B 59 67 53 79 60 62 15 13 35 6E 12 34 63 11 5E 00 D4 64 03 11 59 86 29 52
xParamValueFunction+repeatedUnaryUpdateArgTemp: steps=87 | 62 6E 12 63 10 50 60 50 0E 04 11 5E 19 62 01 11 42 51 61 02 11 5E 38 01 62 10 42 07 11 59 61 02 42 3B 40 50 51 61 02 11 5E 48 01 63 10 43 51 61 06 10 5E 57 63 01 11 51 45 53 79 51 00 62 0B 59 67 53 79 60 62 15 13 35 6E 12 34 63 11 5E 00 D4 64 03 11 59 86 29 52
xParamValueFunction+repeatedUnaryUpdateArgTemp+coalesceCopies: steps=87 | 62 6E 12 63 10 50 60 50 0E 04 11 5E 19 62 01 11 42 51 61 02 11 5E 38 01 62 10 42 07 11 59 61 02 42 3B 40 50 51 61 02 11 5E 48 01 63 10 43 51 61 06 10 5E 57 63 01 11 51 45 53 79 51 00 62 0B 59 67 53 79 60 62 15 13 35 6E 12 34 63 11 5E 00 D4 64 03 11 59 86 29 52
shareRandomCell: steps=87 | 62 6E 12 63 10 50 60 50 0E 04 11 5E 19 62 01 11 42 51 61 02 11 5E 38 01 62 10 42 07 11 59 61 02 42 3B 40 50 51 61 02 11 5E 48 01 63 10 43 51 61 06 10 5E 57 63 01 11 51 45 53 79 51 00 62 0B 59 67 53 79 60 62 15 13 35 6E 12 34 63 11 5E 00 D4 64 03 11 59 86 29 52
shareRandomCell+hoistSharedHelpers: steps=87 | 62 6E 12 63 10 50 60 50 0E 04 11 5E 19 62 01 11 42 51 61 02 11 5E 38 01 62 10 42 07 11 59 61 02 42 3B 40 50 51 61 02 11 5E 48 01 63 10 43 51 61 06 10 5E 57 63 01 11 51 45 53 79 51 00 62 0B 59 67 53 79 60 62 15 13 35 6E 12 34 63 11 5E 00 D4 64 03 11 59 86 29 52
tailBranchInversion: steps=89 | 62 6E 12 63 10 50 60 50 0E 04 11 5E 19 62 01 11 42 51 61 02 11 5E 38 01 62 10 42 07 11 59 61 02 42 3B 40 50 51 61 02 11 5E 48 01 63 10 43 51 61 06 10 5E 57 63 01 11 51 45 53 81 51 00 62 0B 59 67 53 81 60 62 15 13 35 6E 12 34 63 11 57 81 51 00 D4 64 03 11 59 88 29 52
hoistSharedHelpers+canonicalizeIfChains+tailBranchInversion: steps=89 | 62 6E 12 63 10 50 60 50 0E 04 11 5E 19 62 01 11 42 51 61 02 11 5E 38 01 62 10 42 07 11 59 61 02 42 3B 40 50 51 61 02 11 5E 48 01 63 10 43 51 61 06 10 5E 57 63 01 11 51 45 53 81 51 00 62 0B 59 67 53 81 60 62 15 13 35 6E 12 34 63 11 57 81 51 00 D4 64 03 11 59 88 29 52
guardedPrologueGadgets: steps=87 | 62 6E 12 63 10 50 60 50 0E 04 11 5E 19 62 01 11 42 51 61 02 11 5E 38 01 62 10 42 07 11 59 61 02 42 3B 40 50 51 61 02 11 5E 48 01 63 10 43 51 61 06 10 5E 57 63 01 11 51 45 53 79 51 00 62 0B 59 67 53 79 60 62 15 13 35 6E 12 34 63 11 5E 00 D4 64 03 11 59 86 29 52
guardedPrologueGadgets+hoistSharedHelpers+hoistProcs: steps=97 | 51 38 62 0B 59 08 53 30 60 62 15 13 35 6E 12 34 63 11 5E 22 51 30 62 6E 12 63 10 50 51 38 D4 64 03 11 59 37 29 52 62 6E 12 63 10 50 60 50 0E 04 11 5E 56 62 01 11 42 51 02 11 5E 74 01 62 10 42 07 11 59 02 02 42 3B 40 50 51 02 11 5E 84 01 63 10 43 51 02 06 10 5E 93 63 01 11 51 81 53 30 51 38
sharedBitMaskHelperCalls: steps=87 | 62 6E 12 63 10 50 60 50 0E 04 11 5E 19 62 01 11 42 51 61 02 11 5E 38 01 62 10 42 07 11 59 61 02 42 3B 40 50 51 61 02 11 5E 48 01 63 10 43 51 61 06 10 5E 57 63 01 11 51 45 53 79 51 00 62 0B 59 67 53 79 60 62 15 13 35 6E 12 34 63 11 5E 00 D4 64 03 11 59 86 29 52
sharedBitMaskHelperCalls+hoistSharedHelpers: steps=87 | 62 6E 12 63 10 50 60 50 0E 04 11 5E 19 62 01 11 42 51 61 02 11 5E 38 01 62 10 42 07 11 59 61 02 42 3B 40 50 51 61 02 11 5E 48 01 63 10 43 51 61 06 10 5E 57 63 01 11 51 45 53 79 51 00 62 0B 59 67 53 79 60 62 15 13 35 6E 12 34 63 11 5E 00 D4 64 03 11 59 86 29 52
