primary: steps=87 | 51 04 6E 50 65 6C 12 60 10 6C 12 62 10 6C 12 66 10 50 41 D4 64 6B 11 5C 02 03 61 31 11 5C 33 51 04 60 61 10 40 01 66 10 46 63 3B 07 12 0E 35 11 01 10 15 38 43 60 15 37 5E 02 07 66 11 59 02 60 62 11 5E 04 D5 08 65 11 5C 76 6D 50 3B 07 12 0E 35 11 01 10 42 51 04 || setup 04 40 01 46 45 00 41 44 01 00 4C 09 09 4B 08 08 08 4D 09 09 09 0B 4E 3B 07 12 0E 35 11 01 10 42 3B 6E 0B 12 0E 35 11 43 50
aggressiveTerminalDirect: steps=87 | 51 04 6E 50 65 6C 12 60 10 6C 12 62 10 6C 12 66 10 50 41 D4 64 6B 11 5C 02 03 61 31 11 5C 33 51 04 60 61 10 40 01 66 10 46 63 3B 07 12 0E 35 11 01 10 15 38 43 60 15 37 5E 02 07 66 11 59 02 60 62 11 5E 04 D5 08 65 11 5C 76 6D 50 3B 07 12 0E 35 11 01 10 42 51 04 || setup 04 40 01 46 45 00 41 44 01 00 4C 09 09 4B 08 08 08 4D 09 09 09 0B 4E 3B 07 12 0E 35 11 01 10 42 3B 6E 0B 12 0E 35 11 43 50
invertBranchOrder: steps=87 | 51 04 6E 50 65 6C 12 60 10 6C 12 62 10 6C 12 66 10 50 41 D4 64 6B 11 5C 02 03 61 31 11 5C 33 51 04 60 61 10 40 01 66 10 46 63 3B 07 12 0E 35 11 01 10 15 38 43 60 15 37 5E 02 07 66 11 59 02 60 62 11 5E 04 D5 08 65 11 5C 76 6D 50 3B 07 12 0E 35 11 01 10 42 51 04 || setup 04 40 01 46 45 00 41 44 01 00 4C 09 09 4B 08 08 08 4D 09 09 09 0B 4E 3B 07 12 0E 35 11 01 10 42 3B 6E 0B 12 0E 35 11 43 50
aggressiveTerminalDirect+invertBranchOrder: steps=87 | 51 04 6E 50 65 6C 12 60 10 6C 12 62 10 6C 12 66 10 50 41 D4 64 6B 11 5C 02 03 61 31 11 5C 33 51 04 60 61 10 40 01 66 10 46 63 3B 07 12 0E 35 11 01 10 15 38 43 60 15 37 5E 02 07 66 11 59 02 60 62 11 5E 04 D5 08 65 11 5C 76 6D 50 3B 07 12 0E 35 11 01 10 42 51 04 || setup 04 40 01 46 45 00 41 44 01 00 4C 09 09 4B 08 08 08 4D 09 09 09 0B 4E 3B 07 12 0E 35 11 01 10 42 3B 6E 0B 12 0E 35 11 43 50
hoistSharedHelpers: steps=87 | 53 04 6E 50 65 6C 12 60 10 6C 12 62 10 6C 12 66 10 50 41 D4 64 6B 11 5C 02 03 61 31 11 5C 33 51 04 60 61 10 40 01 66 10 46 63 3B 07 12 0E 35 11 01 10 15 38 43 60 15 37 5E 02 07 66 11 59 02 60 62 11 5E 04 D5 08 65 11 5C 76 6D 50 3B 07 12 0E 35 11 01 10 42 51 04 || setup 04 40 01 46 45 00 41 44 01 00 4C 09 09 4B 08 08 08 4D 09 09 09 0B 4E 3B 07 12 0E 35 11 01 10 42 3B 6E 0B 12 0E 35 11 43 50
hoistSharedHelpers+hoistProcs: steps=89 | 51 87 6E 50 65 6C 12 60 10 6C 12 62 10 6C 12 66 10 50 41 D4 64 6B 11 5C 02 03 61 31 11 5C 33 51 04 60 61 10 40 01 66 10 46 63 3B 07 12 0E 35 11 01 10 15 38 43 60 15 37 5E 02 07 66 11 59 02 60 62 11 5E 04 D5 08 65 11 5C 76 6D 50 3B 07 12 0E 35 11 01 10 42 51 04 53 04 || setup 04 40 01 46 45 00 41 44 01 00 4C 09 09 4B 08 08 08 4D 09 09 09 0B 4E 3B 07 12 0E 35 11 01 10 42 3B 6E 0B 12 0E 35 11 43 50
canonicalizeIfChains: steps=87 | 51 04 6E 50 65 6C 12 60 10 6C 12 62 10 6C 12 66 10 50 41 D4 64 6B 11 5C 02 03 61 31 11 5C 33 51 04 60 61 10 40 01 66 10 46 63 3B 07 12 0E 35 11 01 10 15 38 43 60 15 37 5E 02 07 66 11 59 02 60 62 11 5E 04 D5 08 65 11 5C 76 6D 50 3B 07 12 0E 35 11 01 10 42 51 04 || setup 04 40 01 46 45 00 41 44 01 00 4C 09 09 4B 08 08 08 4D 09 09 09 0B 4E 3B 07 12 0E 35 11 01 10 42 3B 6E 0B 12 0E 35 11 43 50
freeResidualDispatchScratch: steps=87 | 51 04 6E 50 65 6C 12 60 10 6C 12 62 10 6C 12 66 10 50 41 D4 64 6B 11 5C 02 03 61 31 11 5C 33 51 04 60 61 10 40 01 66 10 46 63 3B 07 12 0E 35 11 01 10 15 38 43 60 15 37 5E 02 07 66 11 59 02 60 62 11 5E 04 D5 08 65 11 5C 76 6D 50 3B 07 12 0E 35 11 01 10 42 51 04 || setup 04 40 01 46 45 00 41 44 01 00 4C 09 09 4B 08 08 08 4D 09 09 09 0B 4E 3B 07 12 0E 35 11 01 10 42 3B 6E 0B 12 0E 35 11 43 50
aliasXReuse: steps=87 | 51 04 6E 50 65 6C 12 60 10 6C 12 62 10 6C 12 66 10 50 41 D4 64 6B 11 5C 02 03 61 31 11 5C 33 51 04 60 61 10 40 01 66 10 46 63 3B 07 12 0E 35 11 01 10 15 38 43 60 15 37 5E 02 07 66 11 59 02 60 62 11 5E 04 D5 08 65 11 5C 76 6D 50 3B 07 12 0E 35 11 01 10 42 51 04 || setup 04 40 01 46 45 00 41 44 01 00 4C 09 09 4B 08 08 08 4D 09 09 09 0B 4E 3B 07 12 0E 35 11 01 10 42 3B 6E 0B 12 0E 35 11 43 50
coalesceCopies: steps=87 | 51 04 6E 50 65 6C 12 60 10 6C 12 62 10 6C 12 66 10 50 41 D4 64 6B 11 5C 02 03 61 31 11 5C 33 51 04 60 61 10 40 01 66 10 46 63 3B 07 12 0E 35 11 01 10 15 38 43 60 15 37 5E 02 07 66 11 59 02 60 62 11 5E 04 D5 08 65 11 5C 76 6D 50 3B 07 12 0E 35 11 01 10 42 51 04 || setup 04 40 01 46 45 00 41 44 01 00 4C 09 09 4B 08 08 08 4D 09 09 09 0B 4E 3B 07 12 0E 35 11 01 10 42 3B 6E 0B 12 0E 35 11 43 50
freeResidualDispatchScratch+canonicalizeIfChains: steps=87 | 51 04 6E 50 65 6C 12 60 10 6C 12 62 10 6C 12 66 10 50 41 D4 64 6B 11 5C 02 03 61 31 11 5C 33 51 04 60 61 10 40 01 66 10 46 63 3B 07 12 0E 35 11 01 10 15 38 43 60 15 37 5E 02 07 66 11 59 02 60 62 11 5E 04 D5 08 65 11 5C 76 6D 50 3B 07 12 0E 35 11 01 10 42 51 04 || setup 04 40 01 46 45 00 41 44 01 00 4C 09 09 4B 08 08 08 4D 09 09 09 0B 4E 3B 07 12 0E 35 11 01 10 42 3B 6E 0B 12 0E 35 11 43 50
repeatedUnaryUpdateArgTemp: steps=87 | 51 04 6E 50 65 6C 12 60 10 6C 12 62 10 6C 12 66 10 50 41 D4 64 6B 11 5C 02 03 61 31 11 5C 33 51 04 60 61 10 40 01 66 10 46 63 3B 07 12 0E 35 11 01 10 15 38 43 60 15 37 5E 02 07 66 11 59 02 60 62 11 5E 04 D5 08 65 11 5C 76 6D 50 3B 07 12 0E 35 11 01 10 42 51 04 || setup 04 40 01 46 45 00 41 44 01 00 4C 09 09 4B 08 08 08 4D 09 09 09 0B 4E 3B 07 12 0E 35 11 01 10 42 3B 6E 0B 12 0E 35 11 43 50
xParamValueFunction: steps=87 | 51 04 6E 50 65 6C 12 60 10 6C 12 62 10 6C 12 66 10 50 41 D4 64 6B 11 5C 02 03 61 31 11 5C 33 51 04 60 61 10 40 01 66 10 46 63 3B 07 12 0E 35 11 01 10 15 38 43 60 15 37 5E 02 07 66 11 59 02 60 62 11 5E 04 D5 08 65 11 5C 76 6D 50 3B 07 12 0E 35 11 01 10 42 51 04 || setup 04 40 01 46 45 00 41 44 01 00 4C 09 09 4B 08 08 08 4D 09 09 09 0B 4E 3B 07 12 0E 35 11 01 10 42 3B 6E 0B 12 0E 35 11 43 50
xParamValueFunction+repeatedUnaryUpdateArgTemp: steps=87 | 51 04 6E 50 65 6C 12 60 10 6C 12 62 10 6C 12 66 10 50 41 D4 64 6B 11 5C 02 03 61 31 11 5C 33 51 04 60 61 10 40 01 66 10 46 63 3B 07 12 0E 35 11 01 10 15 38 43 60 15 37 5E 02 07 66 11 59 02 60 62 11 5E 04 D5 08 65 11 5C 76 6D 50 3B 07 12 0E 35 11 01 10 42 51 04 || setup 04 40 01 46 45 00 41 44 01 00 4C 09 09 4B 08 08 08 4D 09 09 09 0B 4E 3B 07 12 0E 35 11 01 10 42 3B 6E 0B 12 0E 35 11 43 50
xParamValueFunction+repeatedUnaryUpdateArgTemp+coalesceCopies: steps=87 | 51 04 6E 50 65 6C 12 60 10 6C 12 62 10 6C 12 66 10 50 41 D4 64 6B 11 5C 02 03 61 31 11 5C 33 51 04 60 61 10 40 01 66 10 46 63 3B 07 12 0E 35 11 01 10 15 38 43 60 15 37 5E 02 07 66 11 59 02 60 62 11 5E 04 D5 08 65 11 5C 76 6D 50 3B 07 12 0E 35 11 01 10 42 51 04 || setup 04 40 01 46 45 00 41 44 01 00 4C 09 09 4B 08 08 08 4D 09 09 09 0B 4E 3B 07 12 0E 35 11 01 10 42 3B 6E 0B 12 0E 35 11 43 50
shareRandomCell: steps=84 | 51 04 6E 50 65 6C 12 60 10 6C 12 62 10 6C 12 66 10 50 41 D4 64 6B 11 5C 02 03 61 31 11 5C 33 51 04 60 61 10 40 01 66 10 46 63 53 75 15 38 43 60 15 37 5E 02 07 66 11 59 02 60 62 11 5E 04 D5 08 65 11 5C 70 6D 50 53 75 42 51 04 3B 07 12 0E 35 11 01 10 52 || setup 04 40 01 46 45 00 41 44 01 00 4C 09 09 4B 08 08 08 4D 09 09 09 0B 4E 3B 07 12 0E 35 11 01 10 42 3B 6E 0B 12 0E 35 11 43 50
shareRandomCell+hoistSharedHelpers: steps=88 | 51 11 3B 07 12 0E 35 11 01 10 52 53 17 51 11 6E 50 65 6C 12 60 10 6C 12 62 10 6C 12 66 10 50 41 D4 64 6B 11 5C 15 03 61 31 11 5C 46 51 17 60 61 10 40 01 66 10 46 63 53 02 15 38 43 60 15 37 5E 15 07 66 11 59 15 60 62 11 5E 17 D5 08 65 11 5C 83 6D 50 53 02 42 51 17 || setup 04 40 01 46 45 00 41 44 01 00 4C 09 09 4B 08 08 08 4D 09 09 09 0B 4E 3B 07 12 0E 35 11 01 10 42 3B 6E 0B 12 0E 35 11 43 50
tailBranchInversion: steps=85 | 51 04 6E 50 65 6C 12 60 10 6C 12 62 10 6C 12 66 10 50 41 D4 64 6B 11 5C 02 03 61 31 11 59 04 60 61 10 40 01 66 10 46 63 3B 07 12 0E 35 11 01 10 15 38 43 60 15 37 5E 02 07 66 11 59 02 60 62 11 5E 04 D5 08 65 11 5C 74 6D 50 3B 07 12 0E 35 11 01 10 42 51 04 || setup 04 40 01 46 45 00 41 44 01 00 4C 09 09 4B 08 08 08 4D 09 09 09 0B 4E 3B 07 12 0E 35 11 01 10 42 3B 6E 0B 12 0E 35 11 43 50
hoistSharedHelpers+canonicalizeIfChains+tailBranchInversion: steps=85 | 53 04 6E 50 65 6C 12 60 10 6C 12 62 10 6C 12 66 10 50 41 D4 64 6B 11 5C 02 03 61 31 11 59 04 60 61 10 40 01 66 10 46 63 3B 07 12 0E 35 11 01 10 15 38 43 60 15 37 5E 02 07 66 11 59 02 60 62 11 5E 04 D5 08 65 11 5C 74 6D 50 3B 07 12 0E 35 11 01 10 42 51 04 || setup 04 40 01 46 45 00 41 44 01 00 4C 09 09 4B 08 08 08 4D 09 09 09 0B 4E 3B 07 12 0E 35 11 01 10 42 3B 6E 0B 12 0E 35 11 43 50
guardedPrologueGadgets: steps=87 | 51 04 6E 50 65 6C 12 60 10 6C 12 62 10 6C 12 66 10 50 41 D4 64 6B 11 5C 02 03 61 31 11 5C 33 51 04 60 61 10 40 01 66 10 46 63 3B 07 12 0E 35 11 01 10 15 38 43 60 15 37 5E 02 07 66 11 59 02 60 62 11 5E 04 D5 08 65 11 5C 76 6D 50 3B 07 12 0E 35 11 01 10 42 51 04 || setup 04 40 01 46 45 00 41 44 01 00 4C 09 09 4B 08 08 08 4D 09 09 09 0B 4E 3B 07 12 0E 35 11 01 10 42 3B 6E 0B 12 0E 35 11 43 50
guardedPrologueGadgets+hoistSharedHelpers+hoistProcs: steps=89 | 51 87 6E 50 65 6C 12 60 10 6C 12 62 10 6C 12 66 10 50 41 D4 64 6B 11 5C 02 03 61 31 11 5C 33 51 04 60 61 10 40 01 66 10 46 63 3B 07 12 0E 35 11 01 10 15 38 43 60 15 37 5E 02 07 66 11 59 02 60 62 11 5E 04 D5 08 65 11 5C 76 6D 50 3B 07 12 0E 35 11 01 10 42 51 04 53 04 || setup 04 40 01 46 45 00 41 44 01 00 4C 09 09 4B 08 08 08 4D 09 09 09 0B 4E 3B 07 12 0E 35 11 01 10 42 3B 6E 0B 12 0E 35 11 43 50
sharedBitMaskHelperCalls: steps=87 | 51 04 6E 50 65 6C 12 60 10 6C 12 62 10 6C 12 66 10 50 41 D4 64 6B 11 5C 02 03 61 31 11 5C 33 51 04 60 61 10 40 01 66 10 46 63 3B 07 12 0E 35 11 01 10 15 38 43 60 15 37 5E 02 07 66 11 59 02 60 62 11 5E 04 D5 08 65 11 5C 76 6D 50 3B 07 12 0E 35 11 01 10 42 51 04 || setup 04 40 01 46 45 00 41 44 01 00 4C 09 09 4B 08 08 08 4D 09 09 09 0B 4E 3B 07 12 0E 35 11 01 10 42 3B 6E 0B 12 0E 35 11 43 50
sharedBitMaskHelperCalls+hoistSharedHelpers: steps=87 | 53 04 6E 50 65 6C 12 60 10 6C 12 62 10 6C 12 66 10 50 41 D4 64 6B 11 5C 02 03 61 31 11 5C 33 51 04 60 61 10 40 01 66 10 46 63 3B 07 12 0E 35 11 01 10 15 38 43 60 15 37 5E 02 07 66 11 59 02 60 62 11 5E 04 D5 08 65 11 5C 76 6D 50 3B 07 12 0E 35 11 01 10 42 51 04 || setup 04 40 01 46 45 00 41 44 01 00 4C 09 09 4B 08 08 08 4D 09 09 09 0B 4E 3B 07 12 0E 35 11 01 10 42 3B 6E 0B 12 0E 35 11 43 50
