primary: steps=95 | 50 43 53 65 57 07 29 63 01 01 11 53 65 4E 63 01 00 11 53 65 6E 10 4E 63 09 11 53 65 53 89 11 53 65 53 89 10 53 65 6E 10 4E 63 09 10 53 65 53 89 53 65 6E 10 4E 63 01 01 10 53 65 6E 10 4E 50 51 00 6A 13 40 35 04 12 6B 24 6D 10 34 60 34 6C 10 15 13 69 10 62 37 35 32 52 6E 10 4E 63 01 52 || setup 00 41 01 4C 02 4B 04 4A 08 49 00 0A 05 4D 3B 09 09 09 12 0E 35 11 42 50
aggressiveTerminalDirect: steps=95 | 50 43 53 65 57 07 29 63 01 01 11 53 65 4E 63 01 00 11 53 65 6E 10 4E 63 09 11 53 65 53 89 11 53 65 53 89 10 53 65 6E 10 4E 63 09 10 53 65 53 89 53 65 6E 10 4E 63 01 01 10 53 65 6E 10 4E 50 51 00 6A 13 40 35 04 12 6B 24 6D 10 34 60 34 6C 10 15 13 69 10 62 37 35 32 52 6E 10 4E 63 01 52 || setup 00 41 01 4C 02 4B 04 4A 08 49 00 0A 05 4D 3B 09 09 09 12 0E 35 11 42 50
invertBranchOrder: steps=95 | 50 43 53 65 57 07 29 63 01 01 11 53 65 4E 63 01 00 11 53 65 6E 10 4E 63 09 11 53 65 53 89 11 53 65 53 89 10 53 65 6E 10 4E 63 09 10 53 65 53 89 53 65 6E 10 4E 63 01 01 10 53 65 6E 10 4E 50 51 00 6A 13 40 35 04 12 6B 24 6D 10 34 60 34 6C 10 15 13 69 10 62 37 35 32 52 6E 10 4E 63 01 52 || setup 00 41 01 4C 02 4B 04 4A 08 49 00 0A 05 4D 3B 09 09 09 12 0E 35 11 42 50
aggressiveTerminalDirect+invertBranchOrder: steps=95 | 50 43 53 65 57 07 29 63 01 01 11 53 65 4E 63 01 00 11 53 65 6E 10 4E 63 09 11 53 65 53 89 11 53 65 53 89 10 53 65 6E 10 4E 63 09 10 53 65 53 89 53 65 6E 10 4E 63 01 01 10 53 65 6E 10 4E 50 51 00 6A 13 40 35 04 12 6B 24 6D 10 34 60 34 6C 10 15 13 69 10 62 37 35 32 52 6E 10 4E 63 01 52 || setup 00 41 01 4C 02 4B 04 4A 08 49 00 0A 05 4D 3B 09 09 09 12 0E 35 11 42 50
hoistSharedHelpers: steps=90 | 51 26 6A 13 40 35 04 12 6B 24 6D 10 34 60 34 6C 10 15 13 69 10 62 37 35 32 52 50 43 02 47 A7 57 34 29 63 01 01 11 A7 4E 63 01 00 11 A7 6E 10 4E 63 09 11 A7 53 84 11 A7 53 84 10 A7 6E 10 4E 63 09 10 A7 53 84 A7 6E 10 4E 63 01 01 10 A7 6E 10 4E 50 51 26 6E 10 4E 63 01 52 || setup 00 41 01 4C 02 4B 04 4A 08 49 00 0A 05 4D 3B 09 09 09 12 0E 35 11 42 50
hoistSharedHelpers+hoistProcs: steps=90 | 51 26 6A 13 40 35 04 12 6B 24 6D 10 34 60 34 6C 10 15 13 69 10 62 37 35 32 52 50 43 02 47 A7 57 34 29 63 01 01 11 A7 4E 63 01 00 11 A7 6E 10 4E 63 09 11 A7 53 84 11 A7 53 84 10 A7 6E 10 4E 63 09 10 A7 53 84 A7 6E 10 4E 63 01 01 10 A7 6E 10 4E 50 51 26 6E 10 4E 63 01 52 || setup 00 41 01 4C 02 4B 04 4A 08 49 00 0A 05 4D 3B 09 09 09 12 0E 35 11 42 50
canonicalizeIfChains: steps=95 | 50 43 53 65 57 07 29 63 01 01 11 53 65 4E 63 01 00 11 53 65 6E 10 4E 63 09 11 53 65 53 89 11 53 65 53 89 10 53 65 6E 10 4E 63 09 10 53 65 53 89 53 65 6E 10 4E 63 01 01 10 53 65 6E 10 4E 50 51 00 6A 13 40 35 04 12 6B 24 6D 10 34 60 34 6C 10 15 13 69 10 62 37 35 32 52 6E 10 4E 63 01 52 || setup 00 41 01 4C 02 4B 04 4A 08 49 00 0A 05 4D 3B 09 09 09 12 0E 35 11 42 50
freeResidualDispatchScratch: steps=95 | 50 43 53 65 57 07 29 63 01 01 11 53 65 4E 63 01 00 11 53 65 6E 10 4E 63 09 11 53 65 53 89 11 53 65 53 89 10 53 65 6E 10 4E 63 09 10 53 65 53 89 53 65 6E 10 4E 63 01 01 10 53 65 6E 10 4E 50 51 00 6A 13 40 35 04 12 6B 24 6D 10 34 60 34 6C 10 15 13 69 10 62 37 35 32 52 6E 10 4E 63 01 52 || setup 00 41 01 4C 02 4B 04 4A 08 49 00 0A 05 4D 3B 09 09 09 12 0E 35 11 42 50
aliasXReuse: steps=95 | 50 43 53 65 57 07 29 63 01 01 11 53 65 4E 63 01 00 11 53 65 6E 10 4E 63 09 11 53 65 53 89 11 53 65 53 89 10 53 65 6E 10 4E 63 09 10 53 65 53 89 53 65 6E 10 4E 63 01 01 10 53 65 6E 10 4E 50 51 00 6A 13 40 35 04 12 6B 24 6D 10 34 60 34 6C 10 15 13 69 10 62 37 35 32 52 6E 10 4E 63 01 52 || setup 00 41 01 4C 02 4B 04 4A 08 49 00 0A 05 4D 3B 09 09 09 12 0E 35 11 42 50
coalesceCopies: steps=95 | 50 43 53 65 57 07 29 63 01 01 11 53 65 4E 63 01 00 11 53 65 6E 10 4E 63 09 11 53 65 53 89 11 53 65 53 89 10 53 65 6E 10 4E 63 09 10 53 65 53 89 53 65 6E 10 4E 63 01 01 10 53 65 6E 10 4E 50 51 00 6A 13 40 35 04 12 6B 24 6D 10 34 60 34 6C 10 15 13 69 10 62 37 35 32 52 6E 10 4E 63 01 52 || setup 00 41 01 4C 02 4B 04 4A 08 49 00 0A 05 4D 3B 09 09 09 12 0E 35 11 42 50
freeResidualDispatchScratch+canonicalizeIfChains: steps=95 | 50 43 53 65 57 07 29 63 01 01 11 53 65 4E 63 01 00 11 53 65 6E 10 4E 63 09 11 53 65 53 89 11 53 65 53 89 10 53 65 6E 10 4E 63 09 10 53 65 53 89 53 65 6E 10 4E 63 01 01 10 53 65 6E 10 4E 50 51 00 6A 13 40 35 04 12 6B 24 6D 10 34 60 34 6C 10 15 13 69 10 62 37 35 32 52 6E 10 4E 63 01 52 || setup 00 41 01 4C 02 4B 04 4A 08 49 00 0A 05 4D 3B 09 09 09 12 0E 35 11 42 50
repeatedUnaryUpdateArgTemp: steps=95 | 50 43 53 65 57 07 29 63 01 01 11 53 65 4E 63 01 00 11 53 65 6E 10 4E 63 09 11 53 65 53 89 11 53 65 53 89 10 53 65 6E 10 4E 63 09 10 53 65 53 89 53 65 6E 10 4E 63 01 01 10 53 65 6E 10 4E 50 51 00 6A 13 40 35 04 12 6B 24 6D 10 34 60 34 6C 10 15 13 69 10 62 37 35 32 52 6E 10 4E 63 01 52 || setup 00 41 01 4C 02 4B 04 4A 08 49 00 0A 05 4D 3B 09 09 09 12 0E 35 11 42 50
xParamValueFunction: steps=95 | 50 43 53 65 57 07 29 63 01 01 11 53 65 4E 63 01 00 11 53 65 6E 10 4E 63 09 11 53 65 53 89 11 53 65 53 89 10 53 65 6E 10 4E 63 09 10 53 65 53 89 53 65 6E 10 4E 63 01 01 10 53 65 6E 10 4E 50 51 00 6A 13 40 35 04 12 6B 24 6D 10 34 60 34 6C 10 15 13 69 10 62 37 35 32 52 6E 10 4E 63 01 52 || setup 00 41 01 4C 02 4B 04 4A 08 49 00 0A 05 4D 3B 09 09 09 12 0E 35 11 42 50
xParamValueFunction+repeatedUnaryUpdateArgTemp: steps=95 | 50 43 53 65 57 07 29 63 01 01 11 53 65 4E 63 01 00 11 53 65 6E 10 4E 63 09 11 53 65 53 89 11 53 65 53 89 10 53 65 6E 10 4E 63 09 10 53 65 53 89 53 65 6E 10 4E 63 01 01 10 53 65 6E 10 4E 50 51 00 6A 13 40 35 04 12 6B 24 6D 10 34 60 34 6C 10 15 13 69 10 62 37 35 32 52 6E 10 4E 63 01 52 || setup 00 41 01 4C 02 4B 04 4A 08 49 00 0A 05 4D 3B 09 09 09 12 0E 35 11 42 50
xParamValueFunction+repeatedUnaryUpdateArgTemp+coalesceCopies: steps=95 | 50 43 53 65 57 07 29 63 01 01 11 53 65 4E 63 01 00 11 53 65 6E 10 4E 63 09 11 53 65 53 89 11 53 65 53 89 10 53 65 6E 10 4E 63 09 10 53 65 53 89 53 65 6E 10 4E 63 01 01 10 53 65 6E 10 4E 50 51 00 6A 13 40 35 04 12 6B 24 6D 10 34 60 34 6C 10 15 13 69 10 62 37 35 32 52 6E 10 4E 63 01 52 || setup 00 41 01 4C 02 4B 04 4A 08 49 00 0A 05 4D 3B 09 09 09 12 0E 35 11 42 50
shareRandomCell: steps=95 | 50 43 53 65 57 07 29 63 01 01 11 53 65 4E 63 01 00 11 53 65 6E 10 4E 63 09 11 53 65 53 89 11 53 65 53 89 10 53 65 6E 10 4E 63 09 10 53 65 53 89 53 65 6E 10 4E 63 01 01 10 53 65 6E 10 4E 50 51 00 6A 13 40 35 04 12 6B 24 6D 10 34 60 34 6C 10 15 13 69 10 62 37 35 32 52 6E 10 4E 63 01 52 || setup 00 41 01 4C 02 4B 04 4A 08 49 00 0A 05 4D 3B 09 09 09 12 0E 35 11 42 50
shareRandomCell+hoistSharedHelpers: steps=90 | 51 26 6A 13 40 35 04 12 6B 24 6D 10 34 60 34 6C 10 15 13 69 10 62 37 35 32 52 50 43 02 47 A7 57 34 29 63 01 01 11 A7 4E 63 01 00 11 A7 6E 10 4E 63 09 11 A7 53 84 11 A7 53 84 10 A7 6E 10 4E 63 09 10 A7 53 84 A7 6E 10 4E 63 01 01 10 A7 6E 10 4E 50 51 26 6E 10 4E 63 01 52 || setup 00 41 01 4C 02 4B 04 4A 08 49 00 0A 05 4D 3B 09 09 09 12 0E 35 11 42 50
tailBranchInversion: steps=95 | 50 43 53 65 57 07 29 63 01 01 11 53 65 4E 63 01 00 11 53 65 6E 10 4E 63 09 11 53 65 53 89 11 53 65 53 89 10 53 65 6E 10 4E 63 09 10 53 65 53 89 53 65 6E 10 4E 63 01 01 10 53 65 6E 10 4E 50 51 00 6A 13 40 35 04 12 6B 24 6D 10 34 60 34 6C 10 15 13 69 10 62 37 35 32 52 6E 10 4E 63 01 52 || setup 00 41 01 4C 02 4B 04 4A 08 49 00 0A 05 4D 3B 09 09 09 12 0E 35 11 42 50
hoistSharedHelpers+canonicalizeIfChains+tailBranchInversion: steps=90 | 51 26 6A 13 40 35 04 12 6B 24 6D 10 34 60 34 6C 10 15 13 69 10 62 37 35 32 52 50 43 02 47 A7 57 34 29 63 01 01 11 A7 4E 63 01 00 11 A7 6E 10 4E 63 09 11 A7 53 84 11 A7 53 84 10 A7 6E 10 4E 63 09 10 A7 53 84 A7 6E 10 4E 63 01 01 10 A7 6E 10 4E 50 51 26 6E 10 4E 63 01 52 || setup 00 41 01 4C 02 4B 04 4A 08 49 00 0A 05 4D 3B 09 09 09 12 0E 35 11 42 50
guardedPrologueGadgets: steps=95 | 50 43 53 65 57 07 29 63 01 01 11 53 65 4E 63 01 00 11 53 65 6E 10 4E 63 09 11 53 65 53 89 11 53 65 53 89 10 53 65 6E 10 4E 63 09 10 53 65 53 89 53 65 6E 10 4E 63 01 01 10 53 65 6E 10 4E 50 51 00 6A 13 40 35 04 12 6B 24 6D 10 34 60 34 6C 10 15 13 69 10 62 37 35 32 52 6E 10 4E 63 01 52 || setup 00 41 01 4C 02 4B 04 4A 08 49 00 0A 05 4D 3B 09 09 09 12 0E 35 11 42 50
guardedPrologueGadgets+hoistSharedHelpers+hoistProcs: steps=90 | 51 26 6A 13 40 35 04 12 6B 24 6D 10 34 60 34 6C 10 15 13 69 10 62 37 35 32 52 50 43 02 47 A7 57 34 29 63 01 01 11 A7 4E 63 01 00 11 A7 6E 10 4E 63 09 11 A7 53 84 11 A7 53 84 10 A7 6E 10 4E 63 09 10 A7 53 84 A7 6E 10 4E 63 01 01 10 A7 6E 10 4E 50 51 26 6E 10 4E 63 01 52 || setup 00 41 01 4C 02 4B 04 4A 08 49 00 0A 05 4D 3B 09 09 09 12 0E 35 11 42 50
sharedBitMaskHelperCalls: steps=93 | 50 43 53 60 62 37 35 57 10 29 63 01 01 11 A7 4D 63 01 00 11 A7 6D 10 4D 63 09 11 A7 53 87 11 A7 53 87 10 A7 6D 10 4D 63 09 10 A7 53 87 A7 6D 10 4D 63 01 01 10 A7 6D 10 4D 50 51 00 69 13 4E 35 04 12 6A 24 6C 10 34 6E 34 6B 10 15 13 68 10 52 53 60 62 37 35 32 52 6D 10 4D 63 01 52 || setup 00 41 01 4B 02 4A 04 49 08 48 00 0A 05 4C 08 00 47 3B 09 09 09 12 0E 35 11 42 50
sharedBitMaskHelperCalls+hoistSharedHelpers: steps=98 | 51 29 69 13 4E 35 04 12 6A 24 6C 10 34 6E 34 6B 10 15 13 68 10 52 53 02 62 37 35 32 52 50 43 53 02 62 37 35 57 39 29 63 01 01 11 02 02 47 A7 4D 63 01 00 11 A7 6D 10 4D 63 09 11 A7 53 92 11 A7 53 92 10 A7 6D 10 4D 63 09 10 A7 53 92 A7 6D 10 4D 63 01 01 10 A7 6D 10 4D 50 51 29 6D 10 4D 63 01 52 || setup 00 41 01 4B 02 4A 04 49 08 48 00 0A 05 4C 3B 09 09 09 12 0E 35 11 42 50
