primary: steps=91 | 63 6C 12 62 10 6C 12 64 10 6C 12 61 10 50 0E 04 11 5E 25 62 01 11 42 51 34 02 11 5E 34 01 62 10 51 22 62 64 11 5E 54 61 01 11 41 00 40 08 61 0B 59 82 6E 50 51 82 62 01 11 5E 61 01 40 62 08 11 5E 76 60 01 11 5E 76 63 01 11 43 00 63 0B 59 82 6D 50 3B 08 12 0E 35 11 01 10 52 || setup 09 01 1D 18 08 42 09 43 03 44 41 00 40 01 00 4C 07 07 07 4D 09 09 09 0B 4E 50
aggressiveTerminalDirect: steps=91 | 63 6C 12 62 10 6C 12 64 10 6C 12 61 10 50 0E 04 11 5E 25 62 01 11 42 51 34 02 11 5E 34 01 62 10 51 22 62 64 11 5E 54 61 01 11 41 00 40 08 61 0B 59 82 6E 50 51 82 62 01 11 5E 61 01 40 62 08 11 5E 76 60 01 11 5E 76 63 01 11 43 00 63 0B 59 82 6D 50 3B 08 12 0E 35 11 01 10 52 || setup 09 01 1D 18 08 42 09 43 03 44 41 00 40 01 00 4C 07 07 07 4D 09 09 09 0B 4E 50
invertBranchOrder: steps=91 | 63 6C 12 62 10 6C 12 64 10 6C 12 61 10 50 0E 04 11 5E 25 62 01 11 42 51 34 02 11 5E 34 01 62 10 51 22 62 64 11 5E 54 61 01 11 41 00 40 08 61 0B 59 82 6E 50 51 82 62 01 11 5E 61 01 40 62 08 11 5E 76 60 01 11 5E 76 63 01 11 43 00 63 0B 59 82 6D 50 3B 08 12 0E 35 11 01 10 52 || setup 09 01 1D 18 08 42 09 43 03 44 41 00 40 01 00 4C 07 07 07 4D 09 09 09 0B 4E 50
aggressiveTerminalDirect+invertBranchOrder: steps=91 | 63 6C 12 62 10 6C 12 64 10 6C 12 61 10 50 0E 04 11 5E 25 62 01 11 42 51 34 02 11 5E 34 01 62 10 51 22 62 64 11 5E 54 61 01 11 41 00 40 08 61 0B 59 82 6E 50 51 82 62 01 11 5E 61 01 40 62 08 11 5E 76 60 01 11 5E 76 63 01 11 43 00 63 0B 59 82 6D 50 3B 08 12 0E 35 11 01 10 52 || setup 09 01 1D 18 08 42 09 43 03 44 41 00 40 01 00 4C 07 07 07 4D 09 09 09 0B 4E 50
hoistSharedHelpers: steps=95 | 63 6C 12 62 10 6C 12 64 10 6C 12 61 10 50 0E 04 11 5E 25 62 01 11 42 51 34 02 11 5E 34 01 62 10 51 22 62 64 11 5E 55 61 01 11 41 00 40 08 42 61 0B 59 84 6E 50 51 84 62 01 11 5E 62 01 40 62 08 11 5E 78 60 01 11 5E 78 63 01 11 43 00 40 63 0B 59 84 6D 50 3B 08 12 0E 35 11 01 10 44 51 00 || setup 09 01 1D 18 08 42 09 43 03 44 41 00 40 01 00 4C 07 07 07 4D 09 09 09 0B 4E 50
hoistSharedHelpers+hoistProcs: steps=94 | 51 61 62 64 11 5E 23 61 01 11 41 00 40 08 42 61 0B 59 52 6E 50 51 52 62 01 11 5E 30 01 40 62 08 11 5E 46 60 01 11 5E 46 63 01 11 43 00 40 63 0B 59 52 6D 50 3B 08 12 0E 35 11 01 10 44 63 6C 12 62 10 6C 12 64 10 6C 12 61 10 50 0E 04 11 5E 85 62 01 11 42 51 02 11 5E 02 01 62 10 51 83 || setup 09 01 1D 18 08 42 09 43 03 44 41 00 40 01 00 4C 07 07 07 4D 09 09 09 0B 4E 50
canonicalizeIfChains: steps=91 | 63 6C 12 62 10 6C 12 64 10 6C 12 61 10 50 0E 04 11 5E 25 62 01 11 42 51 34 02 11 5E 34 01 62 10 51 22 62 64 11 5E 54 61 01 11 41 00 40 08 61 0B 59 82 6E 50 51 82 62 01 11 5E 61 01 40 62 08 11 5E 76 60 01 11 5E 76 63 01 11 43 00 63 0B 59 82 6D 50 3B 08 12 0E 35 11 01 10 52 || setup 09 01 1D 18 08 42 09 43 03 44 41 00 40 01 00 4C 07 07 07 4D 09 09 09 0B 4E 50
freeResidualDispatchScratch: steps=91 | 63 6C 12 62 10 6C 12 64 10 6C 12 61 10 50 0E 04 11 5E 25 62 01 11 42 51 34 02 11 5E 34 01 62 10 51 22 62 64 11 5E 54 61 01 11 41 00 40 08 61 0B 59 82 6E 50 51 82 62 01 11 5E 61 01 40 62 08 11 5E 76 60 01 11 5E 76 63 01 11 43 00 63 0B 59 82 6D 50 3B 08 12 0E 35 11 01 10 52 || setup 09 01 1D 18 08 42 09 43 03 44 41 00 40 01 00 4C 07 07 07 4D 09 09 09 0B 4E 50
aliasXReuse: steps=91 | 63 6C 12 62 10 6C 12 64 10 6C 12 61 10 50 0E 04 11 5E 25 62 01 11 42 51 34 02 11 5E 34 01 62 10 51 22 62 64 11 5E 54 61 01 11 41 00 40 08 61 0B 59 82 6E 50 51 82 62 01 11 5E 61 01 40 62 08 11 5E 76 60 01 11 5E 76 63 01 11 43 00 63 0B 59 82 6D 50 3B 08 12 0E 35 11 01 10 52 || setup 09 01 1D 18 08 42 09 43 03 44 41 00 40 01 00 4C 07 07 07 4D 09 09 09 0B 4E 50
coalesceCopies: steps=91 | 63 6C 12 62 10 6C 12 64 10 6C 12 61 10 50 0E 04 11 5E 25 62 01 11 42 51 34 02 11 5E 34 01 62 10 51 22 62 64 11 5E 54 61 01 11 41 00 40 08 61 0B 59 82 6E 50 51 82 62 01 11 5E 61 01 40 62 08 11 5E 76 60 01 11 5E 76 63 01 11 43 00 63 0B 59 82 6D 50 3B 08 12 0E 35 11 01 10 52 || setup 09 01 1D 18 08 42 09 43 03 44 41 00 40 01 00 4C 07 07 07 4D 09 09 09 0B 4E 50
freeResidualDispatchScratch+canonicalizeIfChains: steps=91 | 63 6C 12 62 10 6C 12 64 10 6C 12 61 10 50 0E 04 11 5E 25 62 01 11 42 51 34 02 11 5E 34 01 62 10 51 22 62 64 11 5E 54 61 01 11 41 00 40 08 61 0B 59 82 6E 50 51 82 62 01 11 5E 61 01 40 62 08 11 5E 76 60 01 11 5E 76 63 01 11 43 00 63 0B 59 82 6D 50 3B 08 12 0E 35 11 01 10 52 || setup 09 01 1D 18 08 42 09 43 03 44 41 00 40 01 00 4C 07 07 07 4D 09 09 09 0B 4E 50
repeatedUnaryUpdateArgTemp: steps=91 | 63 6C 12 62 10 6C 12 64 10 6C 12 61 10 50 0E 04 11 5E 25 62 01 11 42 51 34 02 11 5E 34 01 62 10 51 22 62 64 11 5E 54 61 01 11 41 00 40 08 61 0B 59 82 6E 50 51 82 62 01 11 5E 61 01 40 62 08 11 5E 76 60 01 11 5E 76 63 01 11 43 00 63 0B 59 82 6D 50 3B 08 12 0E 35 11 01 10 52 || setup 09 01 1D 18 08 42 09 43 03 44 41 00 40 01 00 4C 07 07 07 4D 09 09 09 0B 4E 50
xParamValueFunction: steps=91 | 63 6C 12 62 10 6C 12 64 10 6C 12 61 10 50 0E 04 11 5E 25 62 01 11 42 51 34 02 11 5E 34 01 62 10 51 22 62 64 11 5E 54 61 01 11 41 00 40 08 61 0B 59 82 6E 50 51 82 62 01 11 5E 61 01 40 62 08 11 5E 76 60 01 11 5E 76 63 01 11 43 00 63 0B 59 82 6D 50 3B 08 12 0E 35 11 01 10 52 || setup 09 01 1D 18 08 42 09 43 03 44 41 00 40 01 00 4C 07 07 07 4D 09 09 09 0B 4E 50
xParamValueFunction+repeatedUnaryUpdateArgTemp: steps=91 | 63 6C 12 62 10 6C 12 64 10 6C 12 61 10 50 0E 04 11 5E 25 62 01 11 42 51 34 02 11 5E 34 01 62 10 51 22 62 64 11 5E 54 61 01 11 41 00 40 08 61 0B 59 82 6E 50 51 82 62 01 11 5E 61 01 40 62 08 11 5E 76 60 01 11 5E 76 63 01 11 43 00 63 0B 59 82 6D 50 3B 08 12 0E 35 11 01 10 52 || setup 09 01 1D 18 08 42 09 43 03 44 41 00 40 01 00 4C 07 07 07 4D 09 09 09 0B 4E 50
xParamValueFunction+repeatedUnaryUpdateArgTemp+coalesceCopies: steps=91 | 63 6C 12 62 10 6C 12 64 10 6C 12 61 10 50 0E 04 11 5E 25 62 01 11 42 51 34 02 11 5E 34 01 62 10 51 22 62 64 11 5E 54 61 01 11 41 00 40 08 61 0B 59 82 6E 50 51 82 62 01 11 5E 61 01 40 62 08 11 5E 76 60 01 11 5E 76 63 01 11 43 00 63 0B 59 82 6D 50 3B 08 12 0E 35 11 01 10 52 || setup 09 01 1D 18 08 42 09 43 03 44 41 00 40 01 00 4C 07 07 07 4D 09 09 09 0B 4E 50
shareRandomCell: steps=91 | 63 6C 12 62 10 6C 12 64 10 6C 12 61 10 50 0E 04 11 5E 25 62 01 11 42 51 34 02 11 5E 34 01 62 10 51 22 62 64 11 5E 54 61 01 11 41 00 40 08 61 0B 59 82 6E 50 51 82 62 01 11 5E 61 01 40 62 08 11 5E 76 60 01 11 5E 76 63 01 11 43 00 63 0B 59 82 6D 50 3B 08 12 0E 35 11 01 10 52 || setup 09 01 1D 18 08 42 09 43 03 44 41 00 40 01 00 4C 07 07 07 4D 09 09 09 0B 4E 50
shareRandomCell+hoistSharedHelpers: steps=95 | 63 6C 12 62 10 6C 12 64 10 6C 12 61 10 50 0E 04 11 5E 25 62 01 11 42 51 34 02 11 5E 34 01 62 10 51 22 62 64 11 5E 55 61 01 11 41 00 40 08 42 61 0B 59 84 6E 50 51 84 62 01 11 5E 62 01 40 62 08 11 5E 78 60 01 11 5E 78 63 01 11 43 00 40 63 0B 59 84 6D 50 3B 08 12 0E 35 11 01 10 44 51 00 || setup 09 01 1D 18 08 42 09 43 03 44 41 00 40 01 00 4C 07 07 07 4D 09 09 09 0B 4E 50
tailBranchInversion: steps=91 | 63 6C 12 62 10 6C 12 64 10 6C 12 61 10 50 0E 04 11 5E 25 62 01 11 42 51 34 02 11 5E 34 01 62 10 51 22 62 64 11 5E 54 61 01 11 41 00 40 08 61 0B 59 82 6E 50 51 82 62 01 11 5E 61 01 40 62 08 11 5E 76 60 01 11 5E 76 63 01 11 43 00 63 0B 59 82 6D 50 3B 08 12 0E 35 11 01 10 52 || setup 09 01 1D 18 08 42 09 43 03 44 41 00 40 01 00 4C 07 07 07 4D 09 09 09 0B 4E 50
hoistSharedHelpers+canonicalizeIfChains+tailBranchInversion: steps=95 | 63 6C 12 62 10 6C 12 64 10 6C 12 61 10 50 0E 04 11 5E 25 62 01 11 42 51 34 02 11 5E 34 01 62 10 51 22 62 64 11 5E 55 61 01 11 41 00 40 08 42 61 0B 59 84 6E 50 51 84 62 01 11 5E 62 01 40 62 08 11 5E 78 60 01 11 5E 78 63 01 11 43 00 40 63 0B 59 84 6D 50 3B 08 12 0E 35 11 01 10 44 51 00 || setup 09 01 1D 18 08 42 09 43 03 44 41 00 40 01 00 4C 07 07 07 4D 09 09 09 0B 4E 50
guardedPrologueGadgets: steps=91 | 63 6C 12 62 10 6C 12 64 10 6C 12 61 10 50 0E 04 11 5E 25 62 01 11 42 51 34 02 11 5E 34 01 62 10 51 22 62 64 11 5E 54 61 01 11 41 00 40 08 61 0B 59 82 6E 50 51 82 62 01 11 5E 61 01 40 62 08 11 5E 76 60 01 11 5E 76 63 01 11 43 00 63 0B 59 82 6D 50 3B 08 12 0E 35 11 01 10 52 || setup 09 01 1D 18 08 42 09 43 03 44 41 00 40 01 00 4C 07 07 07 4D 09 09 09 0B 4E 50
guardedPrologueGadgets+hoistSharedHelpers+hoistProcs: steps=94 | 51 61 62 64 11 5E 23 61 01 11 41 00 40 08 42 61 0B 59 52 6E 50 51 52 62 01 11 5E 30 01 40 62 08 11 5E 46 60 01 11 5E 46 63 01 11 43 00 40 63 0B 59 52 6D 50 3B 08 12 0E 35 11 01 10 44 63 6C 12 62 10 6C 12 64 10 6C 12 61 10 50 0E 04 11 5E 85 62 01 11 42 51 02 11 5E 02 01 62 10 51 83 || setup 09 01 1D 18 08 42 09 43 03 44 41 00 40 01 00 4C 07 07 07 4D 09 09 09 0B 4E 50
sharedBitMaskHelperCalls: steps=91 | 63 6C 12 62 10 6C 12 64 10 6C 12 61 10 50 0E 04 11 5E 25 62 01 11 42 51 34 02 11 5E 34 01 62 10 51 22 62 64 11 5E 54 61 01 11 41 00 40 08 61 0B 59 82 6E 50 51 82 62 01 11 5E 61 01 40 62 08 11 5E 76 60 01 11 5E 76 63 01 11 43 00 63 0B 59 82 6D 50 3B 08 12 0E 35 11 01 10 52 || setup 09 01 1D 18 08 42 09 43 03 44 41 00 40 01 00 4C 07 07 07 4D 09 09 09 0B 4E 50
sharedBitMaskHelperCalls+hoistSharedHelpers: steps=95 | 63 6C 12 62 10 6C 12 64 10 6C 12 61 10 50 0E 04 11 5E 25 62 01 11 42 51 34 02 11 5E 34 01 62 10 51 22 62 64 11 5E 55 61 01 11 41 00 40 08 42 61 0B 59 84 6E 50 51 84 62 01 11 5E 62 01 40 62 08 11 5E 78 60 01 11 5E 78 63 01 11 43 00 40 63 0B 59 84 6D 50 3B 08 12 0E 35 11 01 10 44 51 00 || setup 09 01 1D 18 08 42 09 43 03 44 41 00 40 01 00 4C 07 07 07 4D 09 09 09 0B 4E 50
