primary: steps=47 | 63 50 64 50 62 50 41 6B 12 62 13 6E 11 40 63 64 11 60 02 13 11 43 64 60 10 44 62 61 11 42 63 02 11 5C 00 05 64 31 11 59 43 6D 50 6C 50 51 00 || setup 09 01 1D 18 02 15 43 01 04 00 42 00 44 40 01 00 4B 06 06 06 4C 07 07 07 4D 09 0A 08 4E 50
aggressiveTerminalDirect: steps=47 | 63 50 64 50 62 50 41 6B 12 62 13 6E 11 40 63 64 11 60 02 13 11 43 64 60 10 44 62 61 11 42 63 02 11 5C 00 05 64 31 11 59 43 6D 50 6C 50 51 00 || setup 09 01 1D 18 02 15 43 01 04 00 42 00 44 40 01 00 4B 06 06 06 4C 07 07 07 4D 09 0A 08 4E 50
invertBranchOrder: steps=47 | 63 50 64 50 62 50 41 6B 12 62 13 6E 11 40 63 64 11 60 02 13 11 43 64 60 10 44 62 61 11 42 63 02 11 5C 00 05 64 31 11 59 43 6D 50 6C 50 51 00 || setup 09 01 1D 18 02 15 43 01 04 00 42 00 44 40 01 00 4B 06 06 06 4C 07 07 07 4D 09 0A 08 4E 50
aggressiveTerminalDirect+invertBranchOrder: steps=47 | 63 50 64 50 62 50 41 6B 12 62 13 6E 11 40 63 64 11 60 02 13 11 43 64 60 10 44 62 61 11 42 63 02 11 5C 00 05 64 31 11 59 43 6D 50 6C 50 51 00 || setup 09 01 1D 18 02 15 43 01 04 00 42 00 44 40 01 00 4B 06 06 06 4C 07 07 07 4D 09 0A 08 4E 50
hoistSharedHelpers: steps=47 | 63 50 64 50 62 50 41 6B 12 62 13 6E 11 40 63 64 11 60 02 13 11 43 64 60 10 44 62 61 11 42 63 02 11 5C 00 05 64 31 11 59 43 6D 50 6C 50 51 00 || setup 09 01 1D 18 02 15 43 01 04 00 42 00 44 40 01 00 4B 06 06 06 4C 07 07 07 4D 09 0A 08 4E 50
hoistSharedHelpers+hoistProcs: steps=47 | 63 50 64 50 62 50 41 6B 12 62 13 6E 11 40 63 64 11 60 02 13 11 43 64 60 10 44 62 61 11 42 63 02 11 5C 00 05 64 31 11 59 43 6D 50 6C 50 51 00 || setup 09 01 1D 18 02 15 43 01 04 00 42 00 44 40 01 00 4B 06 06 06 4C 07 07 07 4D 09 0A 08 4E 50
canonicalizeIfChains: steps=47 | 63 50 64 50 62 50 41 6B 12 62 13 6E 11 40 63 64 11 60 02 13 11 43 64 60 10 44 62 61 11 42 63 02 11 5C 00 05 64 31 11 59 43 6D 50 6C 50 51 00 || setup 09 01 1D 18 02 15 43 01 04 00 42 00 44 40 01 00 4B 06 06 06 4C 07 07 07 4D 09 0A 08 4E 50
freeResidualDispatchScratch: steps=47 | 63 50 64 50 62 50 41 6B 12 62 13 6E 11 40 63 64 11 60 02 13 11 43 64 60 10 44 62 61 11 42 63 02 11 5C 00 05 64 31 11 59 43 6D 50 6C 50 51 00 || setup 09 01 1D 18 02 15 43 01 04 00 42 00 44 40 01 00 4B 06 06 06 4C 07 07 07 4D 09 0A 08 4E 50
aliasXReuse: steps=47 | 63 50 64 50 62 50 41 6B 12 62 13 6E 11 40 63 64 11 60 02 13 11 43 64 60 10 44 62 61 11 42 63 02 11 5C 00 05 64 31 11 59 43 6D 50 6C 50 51 00 || setup 09 01 1D 18 02 15 43 01 04 00 42 00 44 40 01 00 4B 06 06 06 4C 07 07 07 4D 09 0A 08 4E 50
coalesceCopies: steps=47 | 63 50 64 50 62 50 41 6B 12 62 13 6E 11 40 63 64 11 60 02 13 11 43 64 60 10 44 62 61 11 42 63 02 11 5C 00 05 64 31 11 59 43 6D 50 6C 50 51 00 || setup 09 01 1D 18 02 15 43 01 04 00 42 00 44 40 01 00 4B 06 06 06 4C 07 07 07 4D 09 0A 08 4E 50
freeResidualDispatchScratch+canonicalizeIfChains: steps=47 | 63 50 64 50 62 50 41 6B 12 62 13 6E 11 40 63 64 11 60 02 13 11 43 64 60 10 44 62 61 11 42 63 02 11 5C 00 05 64 31 11 59 43 6D 50 6C 50 51 00 || setup 09 01 1D 18 02 15 43 01 04 00 42 00 44 40 01 00 4B 06 06 06 4C 07 07 07 4D 09 0A 08 4E 50
repeatedUnaryUpdateArgTemp: steps=47 | 63 50 64 50 62 50 41 6B 12 62 13 6E 11 40 63 64 11 60 02 13 11 43 64 60 10 44 62 61 11 42 63 02 11 5C 00 05 64 31 11 59 43 6D 50 6C 50 51 00 || setup 09 01 1D 18 02 15 43 01 04 00 42 00 44 40 01 00 4B 06 06 06 4C 07 07 07 4D 09 0A 08 4E 50
xParamValueFunction: steps=47 | 63 50 64 50 62 50 41 6B 12 62 13 6E 11 40 63 64 11 60 02 13 11 43 64 60 10 44 62 61 11 42 63 02 11 5C 00 05 64 31 11 59 43 6D 50 6C 50 51 00 || setup 09 01 1D 18 02 15 43 01 04 00 42 00 44 40 01 00 4B 06 06 06 4C 07 07 07 4D 09 0A 08 4E 50
xParamValueFunction+repeatedUnaryUpdateArgTemp: steps=47 | 63 50 64 50 62 50 41 6B 12 62 13 6E 11 40 63 64 11 60 02 13 11 43 64 60 10 44 62 61 11 42 63 02 11 5C 00 05 64 31 11 59 43 6D 50 6C 50 51 00 || setup 09 01 1D 18 02 15 43 01 04 00 42 00 44 40 01 00 4B 06 06 06 4C 07 07 07 4D 09 0A 08 4E 50
xParamValueFunction+repeatedUnaryUpdateArgTemp+coalesceCopies: steps=47 | 63 50 64 50 62 50 41 6B 12 62 13 6E 11 40 63 64 11 60 02 13 11 43 64 60 10 44 62 61 11 42 63 02 11 5C 00 05 64 31 11 59 43 6D 50 6C 50 51 00 || setup 09 01 1D 18 02 15 43 01 04 00 42 00 44 40 01 00 4B 06 06 06 4C 07 07 07 4D 09 0A 08 4E 50
shareRandomCell: steps=47 | 63 50 64 50 62 50 41 6B 12 62 13 6E 11 40 63 64 11 60 02 13 11 43 64 60 10 44 62 61 11 42 63 02 11 5C 00 05 64 31 11 59 43 6D 50 6C 50 51 00 || setup 09 01 1D 18 02 15 43 01 04 00 42 00 44 40 01 00 4B 06 06 06 4C 07 07 07 4D 09 0A 08 4E 50
shareRandomCell+hoistSharedHelpers: steps=47 | 63 50 64 50 62 50 41 6B 12 62 13 6E 11 40 63 64 11 60 02 13 11 43 64 60 10 44 62 61 11 42 63 02 11 5C 00 05 64 31 11 59 43 6D 50 6C 50 51 00 || setup 09 01 1D 18 02 15 43 01 04 00 42 00 44 40 01 00 4B 06 06 06 4C 07 07 07 4D 09 0A 08 4E 50
tailBranchInversion: steps=47 | 63 50 64 50 62 50 41 6B 12 62 13 6E 11 40 63 64 11 60 02 13 11 43 64 60 10 44 62 61 11 42 63 02 11 5C 00 05 64 31 11 59 43 6D 50 6C 50 51 00 || setup 09 01 1D 18 02 15 43 01 04 00 42 00 44 40 01 00 4B 06 06 06 4C 07 07 07 4D 09 0A 08 4E 50
hoistSharedHelpers+canonicalizeIfChains+tailBranchInversion: steps=47 | 63 50 64 50 62 50 41 6B 12 62 13 6E 11 40 63 64 11 60 02 13 11 43 64 60 10 44 62 61 11 42 63 02 11 5C 00 05 64 31 11 59 43 6D 50 6C 50 51 00 || setup 09 01 1D 18 02 15 43 01 04 00 42 00 44 40 01 00 4B 06 06 06 4C 07 07 07 4D 09 0A 08 4E 50
guardedPrologueGadgets: steps=47 | 63 50 64 50 62 50 41 6B 12 62 13 6E 11 40 63 64 11 60 02 13 11 43 64 60 10 44 62 61 11 42 63 02 11 5C 00 05 64 31 11 59 43 6D 50 6C 50 51 00 || setup 09 01 1D 18 02 15 43 01 04 00 42 00 44 40 01 00 4B 06 06 06 4C 07 07 07 4D 09 0A 08 4E 50
guardedPrologueGadgets+hoistSharedHelpers+hoistProcs: steps=47 | 63 50 64 50 62 50 41 6B 12 62 13 6E 11 40 63 64 11 60 02 13 11 43 64 60 10 44 62 61 11 42 63 02 11 5C 00 05 64 31 11 59 43 6D 50 6C 50 51 00 || setup 09 01 1D 18 02 15 43 01 04 00 42 00 44 40 01 00 4B 06 06 06 4C 07 07 07 4D 09 0A 08 4E 50
sharedBitMaskHelperCalls: steps=47 | 63 50 64 50 62 50 41 6B 12 62 13 6E 11 40 63 64 11 60 02 13 11 43 64 60 10 44 62 61 11 42 63 02 11 5C 00 05 64 31 11 59 43 6D 50 6C 50 51 00 || setup 09 01 1D 18 02 15 43 01 04 00 42 00 44 40 01 00 4B 06 06 06 4C 07 07 07 4D 09 0A 08 4E 50
sharedBitMaskHelperCalls+hoistSharedHelpers: steps=47 | 63 50 64 50 62 50 41 6B 12 62 13 6E 11 40 63 64 11 60 02 13 11 43 64 60 10 44 62 61 11 42 63 02 11 5C 00 05 64 31 11 59 43 6D 50 6C 50 51 00 || setup 09 01 1D 18 02 15 43 01 04 00 42 00 44 40 01 00 4B 06 06 06 4C 07 07 07 4D 09 0A 08 4E 50
