primary: steps=104 | 03 40 4E DE 65 39 53 90 53 90 35 10 35 10 34 0F 35 64 12 5E 14 10 6B 13 34 02 66 12 10 46 5D 02 67 50 49 66 0B 50 69 64 10 49 65 35 02 10 38 45 66 64 10 69 39 4A 35 08 36 07 11 67 10 47 03 40 4E 08 44 DE 65 39 69 53 97 39 6A 53 97 37 0E 3B 08 10 37 DE 39 BE 5D 64 46 86 6D 37 14 39 02 13 52 53 90 B4 25 6C 37 52 || setup 09 01 1D 18 08 0A 00 01 02 03 04 05 06 45 00 47 46 4E 49 4A 01 00 44 01 40 08 41 42 43 01 09 4B 01 01 01 01 01 01 01 0A 01 4D 07 0A 07 07 07 07 07 07 07 4C 50
aggressiveTerminalDirect: steps=104 | 03 40 4E DE 65 39 53 90 53 90 35 10 35 10 34 0F 35 64 12 5E 14 10 6B 13 34 02 66 12 10 46 5D 02 67 50 49 66 0B 50 69 64 10 49 65 35 02 10 38 45 66 64 10 69 39 4A 35 08 36 07 11 67 10 47 03 40 4E 08 44 DE 65 39 69 53 97 39 6A 53 97 37 0E 3B 08 10 37 DE 39 BE 5D 64 46 86 6D 37 14 39 02 13 52 53 90 B4 25 6C 37 52 || setup 09 01 1D 18 08 0A 00 01 02 03 04 05 06 45 00 47 46 4E 49 4A 01 00 44 01 40 08 41 42 43 01 09 4B 01 01 01 01 01 01 01 0A 01 4D 07 0A 07 07 07 07 07 07 07 4C 50
invertBranchOrder: steps=104 | 03 40 4E DE 65 39 53 90 53 90 35 10 35 10 34 0F 35 64 12 5E 14 10 6B 13 34 02 66 12 10 46 5D 02 67 50 49 66 0B 50 69 64 10 49 65 35 02 10 38 45 66 64 10 69 39 4A 35 08 36 07 11 67 10 47 03 40 4E 08 44 DE 65 39 69 53 97 39 6A 53 97 37 0E 3B 08 10 37 DE 39 BE 5D 64 46 86 6D 37 14 39 02 13 52 53 90 B4 25 6C 37 52 || setup 09 01 1D 18 08 0A 00 01 02 03 04 05 06 45 00 47 46 4E 49 4A 01 00 44 01 40 08 41 42 43 01 09 4B 01 01 01 01 01 01 01 0A 01 4D 07 0A 07 07 07 07 07 07 07 4C 50
aggressiveTerminalDirect+invertBranchOrder: steps=104 | 03 40 4E DE 65 39 53 90 53 90 35 10 35 10 34 0F 35 64 12 5E 14 10 6B 13 34 02 66 12 10 46 5D 02 67 50 49 66 0B 50 69 64 10 49 65 35 02 10 38 45 66 64 10 69 39 4A 35 08 36 07 11 67 10 47 03 40 4E 08 44 DE 65 39 69 53 97 39 6A 53 97 37 0E 3B 08 10 37 DE 39 BE 5D 64 46 86 6D 37 14 39 02 13 52 53 90 B4 25 6C 37 52 || setup 09 01 1D 18 08 0A 00 01 02 03 04 05 06 45 00 47 46 4E 49 4A 01 00 44 01 40 08 41 42 43 01 09 4B 01 01 01 01 01 01 01 0A 01 4D 07 0A 07 07 07 07 07 07 07 4C 50
hoistSharedHelpers: steps=103 | 51 15 6D 37 14 39 02 13 52 A8 B4 25 6C 37 52 03 40 4E DE 65 39 A8 A8 35 10 35 10 34 0F 35 64 12 5E 27 10 6B 13 34 02 66 12 10 46 5D 17 67 50 49 66 0B 50 69 64 10 49 65 35 02 10 38 45 66 64 10 69 39 4A 35 08 36 07 11 67 10 47 03 40 4E 08 44 DE 65 39 69 53 09 39 6A 53 09 37 0E 3B 08 10 37 DE 39 BE 5D 77 46 86 || setup 09 01 1D 18 08 0A 00 01 02 03 04 05 06 45 00 47 46 4E 49 4A 01 00 44 01 40 08 41 42 43 01 09 4B 01 01 01 01 01 01 01 0A 01 4D 07 0A 07 07 07 07 07 07 07 4C 02 48 50
hoistSharedHelpers+hoistProcs: steps=103 | 51 15 6D 37 14 39 02 13 52 A8 B4 25 6C 37 52 03 40 4E DE 65 39 A8 A8 35 10 35 10 34 0F 35 64 12 5E 27 10 6B 13 34 02 66 12 10 46 5D 17 67 50 49 66 0B 50 69 64 10 49 65 35 02 10 38 45 66 64 10 69 39 4A 35 08 36 07 11 67 10 47 03 40 4E 08 44 DE 65 39 69 53 09 39 6A 53 09 37 0E 3B 08 10 37 DE 39 BE 5D 77 46 86 || setup 09 01 1D 18 08 0A 00 01 02 03 04 05 06 45 00 47 46 4E 49 4A 01 00 44 01 40 08 41 42 43 01 09 4B 01 01 01 01 01 01 01 0A 01 4D 07 0A 07 07 07 07 07 07 07 4C 02 48 50
canonicalizeIfChains: steps=104 | 03 40 4E DE 65 39 53 90 53 90 35 10 35 10 34 0F 35 64 12 5E 14 10 6B 13 34 02 66 12 10 46 5D 02 67 50 49 66 0B 50 69 64 10 49 65 35 02 10 38 45 66 64 10 69 39 4A 35 08 36 07 11 67 10 47 03 40 4E 08 44 DE 65 39 69 53 97 39 6A 53 97 37 0E 3B 08 10 37 DE 39 BE 5D 64 46 86 6D 37 14 39 02 13 52 53 90 B4 25 6C 37 52 || setup 09 01 1D 18 08 0A 00 01 02 03 04 05 06 45 00 47 46 4E 49 4A 01 00 44 01 40 08 41 42 43 01 09 4B 01 01 01 01 01 01 01 0A 01 4D 07 0A 07 07 07 07 07 07 07 4C 50
freeResidualDispatchScratch: steps=104 | 03 40 4E DE 65 39 53 90 53 90 35 10 35 10 34 0F 35 64 12 5E 14 10 6B 13 34 02 66 12 10 46 5D 02 67 50 49 66 0B 50 69 64 10 49 65 35 02 10 38 45 66 64 10 69 39 4A 35 08 36 07 11 67 10 47 03 40 4E 08 44 DE 65 39 69 53 97 39 6A 53 97 37 0E 3B 08 10 37 DE 39 BE 5D 64 46 86 6D 37 14 39 02 13 52 53 90 B4 25 6C 37 52 || setup 09 01 1D 18 08 0A 00 01 02 03 04 05 06 45 00 47 46 4E 49 4A 01 00 44 01 40 08 41 42 43 01 09 4B 01 01 01 01 01 01 01 0A 01 4D 07 0A 07 07 07 07 07 07 07 4C 50
aliasXReuse: steps=104 | 03 40 4E DE 65 39 53 90 53 90 35 10 35 10 34 0F 35 64 12 5E 14 10 6B 13 34 02 66 12 10 46 5D 02 67 50 49 66 0B 50 69 64 10 49 65 35 02 10 38 45 66 64 10 69 39 4A 35 08 36 07 11 67 10 47 03 40 4E 08 44 DE 65 39 69 53 97 39 6A 53 97 37 0E 3B 08 10 37 DE 39 BE 5D 64 46 86 6D 37 14 39 02 13 52 53 90 B4 25 6C 37 52 || setup 09 01 1D 18 08 0A 00 01 02 03 04 05 06 45 00 47 46 4E 49 4A 01 00 44 01 40 08 41 42 43 01 09 4B 01 01 01 01 01 01 01 0A 01 4D 07 0A 07 07 07 07 07 07 07 4C 50
coalesceCopies: steps=104 | 03 40 4E DE 65 39 53 90 53 90 35 10 35 10 34 0F 35 64 12 5E 14 10 6B 13 34 02 66 12 10 46 5D 02 67 50 49 66 0B 50 69 64 10 49 65 35 02 10 38 45 66 64 10 69 39 4A 35 08 36 07 11 67 10 47 03 40 4E 08 44 DE 65 39 69 53 97 39 6A 53 97 37 0E 3B 08 10 37 DE 39 BE 5D 64 46 86 6D 37 14 39 02 13 52 53 90 B4 25 6C 37 52 || setup 09 01 1D 18 08 0A 00 01 02 03 04 05 06 45 00 47 46 4E 49 4A 01 00 44 01 40 08 41 42 43 01 09 4B 01 01 01 01 01 01 01 0A 01 4D 07 0A 07 07 07 07 07 07 07 4C 50
freeResidualDispatchScratch+canonicalizeIfChains: steps=104 | 03 40 4E DE 65 39 53 90 53 90 35 10 35 10 34 0F 35 64 12 5E 14 10 6B 13 34 02 66 12 10 46 5D 02 67 50 49 66 0B 50 69 64 10 49 65 35 02 10 38 45 66 64 10 69 39 4A 35 08 36 07 11 67 10 47 03 40 4E 08 44 DE 65 39 69 53 97 39 6A 53 97 37 0E 3B 08 10 37 DE 39 BE 5D 64 46 86 6D 37 14 39 02 13 52 53 90 B4 25 6C 37 52 || setup 09 01 1D 18 08 0A 00 01 02 03 04 05 06 45 00 47 46 4E 49 4A 01 00 44 01 40 08 41 42 43 01 09 4B 01 01 01 01 01 01 01 0A 01 4D 07 0A 07 07 07 07 07 07 07 4C 50
repeatedUnaryUpdateArgTemp: steps=104 | 03 40 4E DE 65 39 53 90 53 90 35 10 35 10 34 0F 35 64 12 5E 14 10 6B 13 34 02 66 12 10 46 5D 02 67 50 49 66 0B 50 69 64 10 49 65 35 02 10 38 45 66 64 10 69 39 4A 35 08 36 07 11 67 10 47 03 40 4E 08 44 DE 65 39 69 53 97 39 6A 53 97 37 0E 3B 08 10 37 DE 39 BE 5D 64 46 86 6D 37 14 39 02 13 52 53 90 B4 25 6C 37 52 || setup 09 01 1D 18 08 0A 00 01 02 03 04 05 06 45 00 47 46 4E 49 4A 01 00 44 01 40 08 41 42 43 01 09 4B 01 01 01 01 01 01 01 0A 01 4D 07 0A 07 07 07 07 07 07 07 4C 50
xParamValueFunction: steps=104 | 03 40 4E DE 65 39 53 90 53 90 35 10 35 10 34 0F 35 64 12 5E 14 10 6B 13 34 02 66 12 10 46 5D 02 67 50 49 66 0B 50 69 64 10 49 65 35 02 10 38 45 66 64 10 69 39 4A 35 08 36 07 11 67 10 47 03 40 4E 08 44 DE 65 39 69 53 97 39 6A 53 97 37 0E 3B 08 10 37 DE 39 BE 5D 64 46 86 6D 37 14 39 02 13 52 53 90 B4 25 6C 37 52 || setup 09 01 1D 18 08 0A 00 01 02 03 04 05 06 45 00 47 46 4E 49 4A 01 00 44 01 40 08 41 42 43 01 09 4B 01 01 01 01 01 01 01 0A 01 4D 07 0A 07 07 07 07 07 07 07 4C 50
xParamValueFunction+repeatedUnaryUpdateArgTemp: steps=104 | 03 40 4E DE 65 39 53 90 53 90 35 10 35 10 34 0F 35 64 12 5E 14 10 6B 13 34 02 66 12 10 46 5D 02 67 50 49 66 0B 50 69 64 10 49 65 35 02 10 38 45 66 64 10 69 39 4A 35 08 36 07 11 67 10 47 03 40 4E 08 44 DE 65 39 69 53 97 39 6A 53 97 37 0E 3B 08 10 37 DE 39 BE 5D 64 46 86 6D 37 14 39 02 13 52 53 90 B4 25 6C 37 52 || setup 09 01 1D 18 08 0A 00 01 02 03 04 05 06 45 00 47 46 4E 49 4A 01 00 44 01 40 08 41 42 43 01 09 4B 01 01 01 01 01 01 01 0A 01 4D 07 0A 07 07 07 07 07 07 07 4C 50
xParamValueFunction+repeatedUnaryUpdateArgTemp+coalesceCopies: steps=104 | 03 40 4E DE 65 39 53 90 53 90 35 10 35 10 34 0F 35 64 12 5E 14 10 6B 13 34 02 66 12 10 46 5D 02 67 50 49 66 0B 50 69 64 10 49 65 35 02 10 38 45 66 64 10 69 39 4A 35 08 36 07 11 67 10 47 03 40 4E 08 44 DE 65 39 69 53 97 39 6A 53 97 37 0E 3B 08 10 37 DE 39 BE 5D 64 46 86 6D 37 14 39 02 13 52 53 90 B4 25 6C 37 52 || setup 09 01 1D 18 08 0A 00 01 02 03 04 05 06 45 00 47 46 4E 49 4A 01 00 44 01 40 08 41 42 43 01 09 4B 01 01 01 01 01 01 01 0A 01 4D 07 0A 07 07 07 07 07 07 07 4C 50
shareRandomCell: steps=104 | 03 40 4E DE 65 39 53 90 53 90 35 10 35 10 34 0F 35 64 12 5E 14 10 6B 13 34 02 66 12 10 46 5D 02 67 50 49 66 0B 50 69 64 10 49 65 35 02 10 38 45 66 64 10 69 39 4A 35 08 36 07 11 67 10 47 03 40 4E 08 44 DE 65 39 69 53 97 39 6A 53 97 37 0E 3B 08 10 37 DE 39 BE 5D 64 46 86 6D 37 14 39 02 13 52 53 90 B4 25 6C 37 52 || setup 09 01 1D 18 08 0A 00 01 02 03 04 05 06 45 00 47 46 4E 49 4A 01 00 44 01 40 08 41 42 43 01 09 4B 01 01 01 01 01 01 01 0A 01 4D 07 0A 07 07 07 07 07 07 07 4C 50
shareRandomCell+hoistSharedHelpers: steps=103 | 51 15 6D 37 14 39 02 13 52 A8 B4 25 6C 37 52 03 40 4E DE 65 39 A8 A8 35 10 35 10 34 0F 35 64 12 5E 27 10 6B 13 34 02 66 12 10 46 5D 17 67 50 49 66 0B 50 69 64 10 49 65 35 02 10 38 45 66 64 10 69 39 4A 35 08 36 07 11 67 10 47 03 40 4E 08 44 DE 65 39 69 53 09 39 6A 53 09 37 0E 3B 08 10 37 DE 39 BE 5D 77 46 86 || setup 09 01 1D 18 08 0A 00 01 02 03 04 05 06 45 00 47 46 4E 49 4A 01 00 44 01 40 08 41 42 43 01 09 4B 01 01 01 01 01 01 01 0A 01 4D 07 0A 07 07 07 07 07 07 07 4C 02 48 50
tailBranchInversion: steps=104 | 03 40 4E DE 65 39 53 90 53 90 35 10 35 10 34 0F 35 64 12 5E 14 10 6B 13 34 02 66 12 10 46 5D 02 67 50 49 66 0B 50 69 64 10 49 65 35 02 10 38 45 66 64 10 69 39 4A 35 08 36 07 11 67 10 47 03 40 4E 08 44 DE 65 39 69 53 97 39 6A 53 97 37 0E 3B 08 10 37 DE 39 BE 5D 64 46 86 6D 37 14 39 02 13 52 53 90 B4 25 6C 37 52 || setup 09 01 1D 18 08 0A 00 01 02 03 04 05 06 45 00 47 46 4E 49 4A 01 00 44 01 40 08 41 42 43 01 09 4B 01 01 01 01 01 01 01 0A 01 4D 07 0A 07 07 07 07 07 07 07 4C 50
hoistSharedHelpers+canonicalizeIfChains+tailBranchInversion: steps=103 | 51 15 6D 37 14 39 02 13 52 A8 B4 25 6C 37 52 03 40 4E DE 65 39 A8 A8 35 10 35 10 34 0F 35 64 12 5E 27 10 6B 13 34 02 66 12 10 46 5D 17 67 50 49 66 0B 50 69 64 10 49 65 35 02 10 38 45 66 64 10 69 39 4A 35 08 36 07 11 67 10 47 03 40 4E 08 44 DE 65 39 69 53 09 39 6A 53 09 37 0E 3B 08 10 37 DE 39 BE 5D 77 46 86 || setup 09 01 1D 18 08 0A 00 01 02 03 04 05 06 45 00 47 46 4E 49 4A 01 00 44 01 40 08 41 42 43 01 09 4B 01 01 01 01 01 01 01 0A 01 4D 07 0A 07 07 07 07 07 07 07 4C 02 48 50
guardedPrologueGadgets: steps=104 | 03 40 4E DE 65 39 53 90 53 90 35 10 35 10 34 0F 35 64 12 5E 14 10 6B 13 34 02 66 12 10 46 5D 02 67 50 49 66 0B 50 69 64 10 49 65 35 02 10 38 45 66 64 10 69 39 4A 35 08 36 07 11 67 10 47 03 40 4E 08 44 DE 65 39 69 53 97 39 6A 53 97 37 0E 3B 08 10 37 DE 39 BE 5D 64 46 86 6D 37 14 39 02 13 52 53 90 B4 25 6C 37 52 || setup 09 01 1D 18 08 0A 00 01 02 03 04 05 06 45 00 47 46 4E 49 4A 01 00 44 01 40 08 41 42 43 01 09 4B 01 01 01 01 01 01 01 0A 01 4D 07 0A 07 07 07 07 07 07 07 4C 50
guardedPrologueGadgets+hoistSharedHelpers+hoistProcs: steps=103 | 51 15 6D 37 14 39 02 13 52 A8 B4 25 6C 37 52 03 40 4E DE 65 39 A8 A8 35 10 35 10 34 0F 35 64 12 5E 27 10 6B 13 34 02 66 12 10 46 5D 17 67 50 49 66 0B 50 69 64 10 49 65 35 02 10 38 45 66 64 10 69 39 4A 35 08 36 07 11 67 10 47 03 40 4E 08 44 DE 65 39 69 53 09 39 6A 53 09 37 0E 3B 08 10 37 DE 39 BE 5D 77 46 86 || setup 09 01 1D 18 08 0A 00 01 02 03 04 05 06 45 00 47 46 4E 49 4A 01 00 44 01 40 08 41 42 43 01 09 4B 01 01 01 01 01 01 01 0A 01 4D 07 0A 07 07 07 07 07 07 07 4C 02 48 50
sharedBitMaskHelperCalls: steps=104 | 03 40 4E DE 65 39 53 90 53 90 35 10 35 10 34 0F 35 64 12 5E 14 10 6B 13 34 02 66 12 10 46 5D 02 67 50 49 66 0B 50 69 64 10 49 65 35 02 10 38 45 66 64 10 69 39 4A 35 08 36 07 11 67 10 47 03 40 4E 08 44 DE 65 39 69 53 97 39 6A 53 97 37 0E 3B 08 10 37 DE 39 BE 5D 64 46 86 6D 37 14 39 02 13 52 53 90 B4 25 6C 37 52 || setup 09 01 1D 18 08 0A 00 01 02 03 04 05 06 45 00 47 46 4E 49 4A 01 00 44 01 40 08 41 42 43 01 09 4B 01 01 01 01 01 01 01 0A 01 4D 07 0A 07 07 07 07 07 07 07 4C 50
sharedBitMaskHelperCalls+hoistSharedHelpers: steps=103 | 51 15 6D 37 14 39 02 13 52 A8 B4 25 6C 37 52 03 40 4E DE 65 39 A8 A8 35 10 35 10 34 0F 35 64 12 5E 27 10 6B 13 34 02 66 12 10 46 5D 17 67 50 49 66 0B 50 69 64 10 49 65 35 02 10 38 45 66 64 10 69 39 4A 35 08 36 07 11 67 10 47 03 40 4E 08 44 DE 65 39 69 53 09 39 6A 53 09 37 0E 3B 08 10 37 DE 39 BE 5D 77 46 86 || setup 09 01 1D 18 08 0A 00 01 02 03 04 05 06 45 00 47 46 4E 49 4A 01 00 44 01 40 08 41 42 43 01 09 4B 01 01 01 01 01 01 01 0A 01 4D 07 0A 07 07 07 07 07 07 07 4C 02 48 50
