primary: steps=101 | 89 D4 3B 06 12 0E 35 11 01 10 43 52 A8 01 11 5E 19 51 37 67 63 10 47 65 10 46 53 73 E9 66 45 6B 11 59 37 6B 50 00 47 44 A8 01 11 5E 47 51 69 67 63 10 47 60 10 46 53 73 67 6A 11 59 40 66 40 6B 11 59 69 60 50 00 47 44 89 67 6C 13 66 6D 13 10 09 10 6E 38 42 64 41 62 0C 01 0B 5B 88 42 63 62 14 54 0C 50 52 || setup 00 45 40 47 44 46 02 00 4A 02 15 4B 03 15 4C 07 15 4D 01 02 00 00 02 00 00 00 0E 09 08 00 00 08 00 00 00 39 4E 6E 54 0C 0C 00 4E 01 48 01 02 49 50
aggressiveTerminalDirect: steps=101 | 89 D4 3B 06 12 0E 35 11 01 10 43 52 A8 01 11 5E 19 51 37 67 63 10 47 65 10 46 53 73 E9 66 45 6B 11 59 37 6B 50 00 47 44 A8 01 11 5E 47 51 69 67 63 10 47 60 10 46 53 73 67 6A 11 59 40 66 40 6B 11 59 69 60 50 00 47 44 89 67 6C 13 66 6D 13 10 09 10 6E 38 42 64 41 62 0C 01 0B 5B 88 42 63 62 14 54 0C 50 52 || setup 00 45 40 47 44 46 02 00 4A 02 15 4B 03 15 4C 07 15 4D 01 02 00 00 02 00 00 00 0E 09 08 00 00 08 00 00 00 39 4E 6E 54 0C 0C 00 4E 01 48 01 02 49 50
invertBranchOrder: steps=102 | 51 13 D4 3B 06 12 0E 35 11 01 10 43 52 53 02 01 11 57 38 67 63 10 47 65 10 46 53 74 5E 13 66 45 6B 11 59 38 6B 50 00 47 44 53 02 01 11 57 69 67 63 10 47 60 10 46 53 74 67 6A 11 59 41 66 40 6B 11 59 69 60 50 00 47 44 51 13 67 6C 13 66 6D 13 10 09 10 6E 38 42 64 41 62 0C 01 0B 5B 89 42 63 62 14 54 0C 50 52 || setup 00 45 40 47 44 46 02 00 4A 02 15 4B 03 15 4C 07 15 4D 01 02 00 00 02 00 00 00 0E 09 08 00 00 08 00 00 00 39 4E 6E 54 0C 0C 00 4E 50
aggressiveTerminalDirect+invertBranchOrder: steps=102 | 51 13 D4 3B 06 12 0E 35 11 01 10 43 52 53 02 01 11 57 38 67 63 10 47 65 10 46 53 74 5E 13 66 45 6B 11 59 38 6B 50 00 47 44 53 02 01 11 57 69 67 63 10 47 60 10 46 53 74 67 6A 11 59 41 66 40 6B 11 59 69 60 50 00 47 44 51 13 67 6C 13 66 6D 13 10 09 10 6E 38 42 64 41 62 0C 01 0B 5B 89 42 63 62 14 54 0C 50 52 || setup 00 45 40 47 44 46 02 00 4A 02 15 4B 03 15 4C 07 15 4D 01 02 00 00 02 00 00 00 0E 09 08 00 00 08 00 00 00 39 4E 6E 54 0C 0C 00 4E 50
hoistSharedHelpers: steps=106 | 51 30 67 6C 13 66 6D 13 10 09 10 6E 38 42 64 41 62 0C 01 0B 5B 17 42 63 62 14 54 0C 50 52 53 45 51 30 D4 3B 06 12 0E 35 11 01 10 43 52 A8 01 11 5E 52 51 70 67 63 10 47 65 10 46 A9 5E 45 66 45 6B 11 59 70 6B 50 00 47 44 A8 01 11 5E 80 51 A1 67 63 10 47 60 10 46 A9 67 6A 11 59 73 66 40 6B 11 59 A1 60 50 00 47 44 51 45 || setup 00 45 40 47 44 46 02 00 4A 02 15 4B 03 15 4C 07 15 4D 01 02 00 00 02 00 00 00 0E 09 08 00 00 08 00 00 00 39 4E 6E 54 0C 0C 00 4E 03 04 48 02 49 50
hoistSharedHelpers+hoistProcs: steps=105 | 51 A2 67 6C 13 66 6D 13 10 09 10 6E 38 42 64 41 62 0C 01 0B 5B 17 42 63 62 14 54 0C 50 52 D4 3B 06 12 0E 35 11 01 10 43 52 A9 01 11 5E 48 51 66 67 63 10 47 65 10 46 53 02 E8 66 45 6B 11 59 66 6B 50 00 47 44 A9 01 11 5E 76 51 98 67 63 10 47 60 10 46 53 02 67 6A 11 59 69 66 40 6B 11 59 98 60 50 00 47 44 88 A8 51 A2 || setup 00 45 40 47 44 46 02 00 4A 02 15 4B 03 15 4C 07 15 4D 01 02 00 00 02 00 00 00 0E 09 08 00 00 08 00 00 00 39 4E 6E 54 0C 0C 00 4E 04 01 48 03 00 49 50
canonicalizeIfChains: steps=101 | 89 D4 3B 06 12 0E 35 11 01 10 43 52 A8 01 11 5E 19 51 37 67 63 10 47 65 10 46 53 73 E9 66 45 6B 11 59 37 6B 50 00 47 44 A8 01 11 5E 47 51 69 67 63 10 47 60 10 46 53 73 67 6A 11 59 40 66 40 6B 11 59 69 60 50 00 47 44 89 67 6C 13 66 6D 13 10 09 10 6E 38 42 64 41 62 0C 01 0B 5B 88 42 63 62 14 54 0C 50 52 || setup 00 45 40 47 44 46 02 00 4A 02 15 4B 03 15 4C 07 15 4D 01 02 00 00 02 00 00 00 0E 09 08 00 00 08 00 00 00 39 4E 6E 54 0C 0C 00 4E 01 48 01 02 49 50
freeResidualDispatchScratch: steps=101 | 89 D4 3B 06 12 0E 35 11 01 10 43 52 A8 01 11 5E 19 51 37 67 63 10 47 65 10 46 53 73 E9 66 45 6B 11 59 37 6B 50 00 47 44 A8 01 11 5E 47 51 69 67 63 10 47 60 10 46 53 73 67 6A 11 59 40 66 40 6B 11 59 69 60 50 00 47 44 89 67 6C 13 66 6D 13 10 09 10 6E 38 42 64 41 62 0C 01 0B 5B 88 42 63 62 14 54 0C 50 52 || setup 00 45 40 47 44 46 02 00 4A 02 15 4B 03 15 4C 07 15 4D 01 02 00 00 02 00 00 00 0E 09 08 00 00 08 00 00 00 39 4E 6E 54 0C 0C 00 4E 01 48 01 02 49 50
aliasXReuse: steps=101 | 89 D4 3B 06 12 0E 35 11 01 10 43 52 A8 01 11 5E 19 51 37 67 63 10 47 65 10 46 53 73 E9 66 45 6B 11 59 37 6B 50 00 47 44 A8 01 11 5E 47 51 69 67 63 10 47 60 10 46 53 73 67 6A 11 59 40 66 40 6B 11 59 69 60 50 00 47 44 89 67 6C 13 66 6D 13 10 09 10 6E 38 42 64 41 62 0C 01 0B 5B 88 42 63 62 14 54 0C 50 52 || setup 00 45 40 47 44 46 02 00 4A 02 15 4B 03 15 4C 07 15 4D 01 02 00 00 02 00 00 00 0E 09 08 00 00 08 00 00 00 39 4E 6E 54 0C 0C 00 4E 01 48 01 02 49 50
coalesceCopies: steps=101 | 89 D4 3B 06 12 0E 35 11 01 10 43 52 A8 01 11 5E 19 51 37 67 63 10 47 65 10 46 53 73 E9 66 45 6B 11 59 37 6B 50 00 47 44 A8 01 11 5E 47 51 69 67 63 10 47 60 10 46 53 73 67 6A 11 59 40 66 40 6B 11 59 69 60 50 00 47 44 89 67 6C 13 66 6D 13 10 09 10 6E 38 42 64 41 62 0C 01 0B 5B 88 42 63 62 14 54 0C 50 52 || setup 00 45 40 47 44 46 02 00 4A 02 15 4B 03 15 4C 07 15 4D 01 02 00 00 02 00 00 00 0E 09 08 00 00 08 00 00 00 39 4E 6E 54 0C 0C 00 4E 01 48 01 02 49 50
freeResidualDispatchScratch+canonicalizeIfChains: steps=101 | 89 D4 3B 06 12 0E 35 11 01 10 43 52 A8 01 11 5E 19 51 37 67 63 10 47 65 10 46 53 73 E9 66 45 6B 11 59 37 6B 50 00 47 44 A8 01 11 5E 47 51 69 67 63 10 47 60 10 46 53 73 67 6A 11 59 40 66 40 6B 11 59 69 60 50 00 47 44 89 67 6C 13 66 6D 13 10 09 10 6E 38 42 64 41 62 0C 01 0B 5B 88 42 63 62 14 54 0C 50 52 || setup 00 45 40 47 44 46 02 00 4A 02 15 4B 03 15 4C 07 15 4D 01 02 00 00 02 00 00 00 0E 09 08 00 00 08 00 00 00 39 4E 6E 54 0C 0C 00 4E 01 48 01 02 49 50
repeatedUnaryUpdateArgTemp: steps=101 | 89 D4 3B 06 12 0E 35 11 01 10 43 52 A8 01 11 5E 19 51 37 67 63 10 47 65 10 46 53 73 E9 66 45 6B 11 59 37 6B 50 00 47 44 A8 01 11 5E 47 51 69 67 63 10 47 60 10 46 53 73 67 6A 11 59 40 66 40 6B 11 59 69 60 50 00 47 44 89 67 6C 13 66 6D 13 10 09 10 6E 38 42 64 41 62 0C 01 0B 5B 88 42 63 62 14 54 0C 50 52 || setup 00 45 40 47 44 46 02 00 4A 02 15 4B 03 15 4C 07 15 4D 01 02 00 00 02 00 00 00 0E 09 08 00 00 08 00 00 00 39 4E 6E 54 0C 0C 00 4E 01 48 01 02 49 50
xParamValueFunction: steps=101 | 89 D4 3B 06 12 0E 35 11 01 10 43 52 A8 01 11 5E 19 51 37 67 63 10 47 65 10 46 53 73 E9 66 45 6B 11 59 37 6B 50 00 47 44 A8 01 11 5E 47 51 69 67 63 10 47 60 10 46 53 73 67 6A 11 59 40 66 40 6B 11 59 69 60 50 00 47 44 89 67 6C 13 66 6D 13 10 09 10 6E 38 42 64 41 62 0C 01 0B 5B 88 42 63 62 14 54 0C 50 52 || setup 00 45 40 47 44 46 02 00 4A 02 15 4B 03 15 4C 07 15 4D 01 02 00 00 02 00 00 00 0E 09 08 00 00 08 00 00 00 39 4E 6E 54 0C 0C 00 4E 01 48 01 02 49 50
xParamValueFunction+repeatedUnaryUpdateArgTemp: steps=101 | 89 D4 3B 06 12 0E 35 11 01 10 43 52 A8 01 11 5E 19 51 37 67 63 10 47 65 10 46 53 73 E9 66 45 6B 11 59 37 6B 50 00 47 44 A8 01 11 5E 47 51 69 67 63 10 47 60 10 46 53 73 67 6A 11 59 40 66 40 6B 11 59 69 60 50 00 47 44 89 67 6C 13 66 6D 13 10 09 10 6E 38 42 64 41 62 0C 01 0B 5B 88 42 63 62 14 54 0C 50 52 || setup 00 45 40 47 44 46 02 00 4A 02 15 4B 03 15 4C 07 15 4D 01 02 00 00 02 00 00 00 0E 09 08 00 00 08 00 00 00 39 4E 6E 54 0C 0C 00 4E 01 48 01 02 49 50
xParamValueFunction+repeatedUnaryUpdateArgTemp+coalesceCopies: steps=101 | 89 D4 3B 06 12 0E 35 11 01 10 43 52 A8 01 11 5E 19 51 37 67 63 10 47 65 10 46 53 73 E9 66 45 6B 11 59 37 6B 50 00 47 44 A8 01 11 5E 47 51 69 67 63 10 47 60 10 46 53 73 67 6A 11 59 40 66 40 6B 11 59 69 60 50 00 47 44 89 67 6C 13 66 6D 13 10 09 10 6E 38 42 64 41 62 0C 01 0B 5B 88 42 63 62 14 54 0C 50 52 || setup 00 45 40 47 44 46 02 00 4A 02 15 4B 03 15 4C 07 15 4D 01 02 00 00 02 00 00 00 0E 09 08 00 00 08 00 00 00 39 4E 6E 54 0C 0C 00 4E 01 48 01 02 49 50
shareRandomCell: steps=101 | 89 D4 3B 06 12 0E 35 11 01 10 43 52 A8 01 11 5E 19 51 37 67 63 10 47 65 10 46 53 73 E9 66 45 6B 11 59 37 6B 50 00 47 44 A8 01 11 5E 47 51 69 67 63 10 47 60 10 46 53 73 67 6A 11 59 40 66 40 6B 11 59 69 60 50 00 47 44 89 67 6C 13 66 6D 13 10 09 10 6E 38 42 64 41 62 0C 01 0B 5B 88 42 63 62 14 54 0C 50 52 || setup 00 45 40 47 44 46 02 00 4A 02 15 4B 03 15 4C 07 15 4D 01 02 00 00 02 00 00 00 0E 09 08 00 00 08 00 00 00 39 4E 6E 54 0C 0C 00 4E 01 48 01 02 49 50
shareRandomCell+hoistSharedHelpers: steps=106 | 51 30 67 6C 13 66 6D 13 10 09 10 6E 38 42 64 41 62 0C 01 0B 5B 17 42 63 62 14 54 0C 50 52 53 45 51 30 D4 3B 06 12 0E 35 11 01 10 43 52 A8 01 11 5E 52 51 70 67 63 10 47 65 10 46 A9 5E 45 66 45 6B 11 59 70 6B 50 00 47 44 A8 01 11 5E 80 51 A1 67 63 10 47 60 10 46 A9 67 6A 11 59 73 66 40 6B 11 59 A1 60 50 00 47 44 51 45 || setup 00 45 40 47 44 46 02 00 4A 02 15 4B 03 15 4C 07 15 4D 01 02 00 00 02 00 00 00 0E 09 08 00 00 08 00 00 00 39 4E 6E 54 0C 0C 00 4E 03 04 48 02 49 50
tailBranchInversion: steps=102 | 51 13 D4 3B 06 12 0E 35 11 01 10 43 52 53 02 01 11 57 38 67 63 10 47 65 10 46 53 74 5E 13 66 45 6B 11 59 38 6B 50 00 47 44 53 02 01 11 57 69 67 63 10 47 60 10 46 53 74 67 6A 11 59 41 66 40 6B 11 59 69 60 50 00 47 44 51 13 67 6C 13 66 6D 13 10 09 10 6E 38 42 64 41 62 0C 01 0B 5B 89 42 63 62 14 54 0C 50 52 || setup 00 45 40 47 44 46 02 00 4A 02 15 4B 03 15 4C 07 15 4D 01 02 00 00 02 00 00 00 0E 09 08 00 00 08 00 00 00 39 4E 6E 54 0C 0C 00 4E 50
hoistSharedHelpers+canonicalizeIfChains+tailBranchInversion: steps=102 | 51 30 67 6C 13 66 6D 13 10 09 10 6E 38 42 64 41 62 0C 01 0B 5B 17 42 63 62 14 54 0C 50 52 53 45 51 30 D4 3B 06 12 0E 35 11 01 10 43 52 A8 01 11 57 68 67 63 10 47 65 10 46 A9 5E 45 66 45 6B 11 59 68 6B 50 00 47 44 A8 01 11 57 97 67 63 10 47 60 10 46 A9 67 6A 11 59 71 66 40 6B 11 59 97 60 50 00 47 44 51 45 || setup 00 45 40 47 44 46 02 00 4A 02 15 4B 03 15 4C 07 15 4D 01 02 00 00 02 00 00 00 0E 09 08 00 00 08 00 00 00 39 4E 6E 54 0C 0C 00 4E 03 04 48 02 49 50
guardedPrologueGadgets: steps=101 | 89 D4 3B 06 12 0E 35 11 01 10 43 52 A8 01 11 5E 19 51 37 67 63 10 47 65 10 46 53 73 E9 66 45 6B 11 59 37 6B 50 00 47 44 A8 01 11 5E 47 51 69 67 63 10 47 60 10 46 53 73 67 6A 11 59 40 66 40 6B 11 59 69 60 50 00 47 44 89 67 6C 13 66 6D 13 10 09 10 6E 38 42 64 41 62 0C 01 0B 5B 88 42 63 62 14 54 0C 50 52 || setup 00 45 40 47 44 46 02 00 4A 02 15 4B 03 15 4C 07 15 4D 01 02 00 00 02 00 00 00 0E 09 08 00 00 08 00 00 00 39 4E 6E 54 0C 0C 00 4E 01 48 01 02 49 50
guardedPrologueGadgets+hoistSharedHelpers+hoistProcs: steps=105 | 51 A2 67 6C 13 66 6D 13 10 09 10 6E 38 42 64 41 62 0C 01 0B 5B 17 42 63 62 14 54 0C 50 52 D4 3B 06 12 0E 35 11 01 10 43 52 A9 01 11 5E 48 51 66 67 63 10 47 65 10 46 53 02 E8 66 45 6B 11 59 66 6B 50 00 47 44 A9 01 11 5E 76 51 98 67 63 10 47 60 10 46 53 02 67 6A 11 59 69 66 40 6B 11 59 98 60 50 00 47 44 88 A8 51 A2 || setup 00 45 40 47 44 46 02 00 4A 02 15 4B 03 15 4C 07 15 4D 01 02 00 00 02 00 00 00 0E 09 08 00 00 08 00 00 00 39 4E 6E 54 0C 0C 00 4E 04 01 48 03 00 49 50
sharedBitMaskHelperCalls: steps=101 | 89 D4 3B 06 12 0E 35 11 01 10 43 52 A8 01 11 5E 19 51 37 67 63 10 47 65 10 46 53 73 E9 66 45 6B 11 59 37 6B 50 00 47 44 A8 01 11 5E 47 51 69 67 63 10 47 60 10 46 53 73 67 6A 11 59 40 66 40 6B 11 59 69 60 50 00 47 44 89 67 6C 13 66 6D 13 10 09 10 6E 38 42 64 41 62 0C 01 0B 5B 88 42 63 62 14 54 0C 50 52 || setup 00 45 40 47 44 46 02 00 4A 02 15 4B 03 15 4C 07 15 4D 01 02 00 00 02 00 00 00 0E 09 08 00 00 08 00 00 00 39 4E 6E 54 0C 0C 00 4E 01 48 01 02 49 50
sharedBitMaskHelperCalls+hoistSharedHelpers: steps=106 | 51 30 67 6C 13 66 6D 13 10 09 10 6E 38 42 64 41 62 0C 01 0B 5B 17 42 63 62 14 54 0C 50 52 53 45 51 30 D4 3B 06 12 0E 35 11 01 10 43 52 A8 01 11 5E 52 51 70 67 63 10 47 65 10 46 A9 5E 45 66 45 6B 11 59 70 6B 50 00 47 44 A8 01 11 5E 80 51 A1 67 63 10 47 60 10 46 A9 67 6A 11 59 73 66 40 6B 11 59 A1 60 50 00 47 44 51 45 || setup 00 45 40 47 44 46 02 00 4A 02 15 4B 03 15 4C 07 15 4D 01 02 00 00 02 00 00 00 0E 09 08 00 00 08 00 00 00 39 4E 6E 54 0C 0C 00 4E 03 04 48 02 49 50
