primary: steps=107 | 66 67 14 25 0C 50 05 11 40 53 81 01 63 10 AD 11 43 CE 50 60 31 5E 46 AD 04 11 5E 36 62 07 11 C9 08 10 42 89 01 11 E9 62 01 11 01 36 42 89 01 11 5E 64 60 32 65 10 01 36 0B 0E 07 0B 36 0B 45 89 02 11 E9 60 32 66 10 01 36 0B 0E 07 0B 36 0B 46 89 68 62 1C 13 66 12 6C 37 47 52 53 81 64 11 EA 50 8A 67 65 15 13 35 6B 12 34 52 || setup 09 43 04 42 46 45 00 47 4A 01 00 4B 09 0A 05 05 05 05 05 05 05 4C 09 01 49 09 08 4D 01 09 4E 3B 48 68 3B 07 12 0E 35 11 01 10 1C 13 3B 07 12 0E 35 11 01 10 12 6C 37 44 50
aggressiveTerminalDirect: steps=107 | 66 67 14 25 0C 50 05 11 40 53 81 01 63 10 AD 11 43 CE 50 60 31 5E 46 AD 04 11 5E 36 62 07 11 C9 08 10 42 89 01 11 E9 62 01 11 01 36 42 89 01 11 5E 64 60 32 65 10 01 36 0B 0E 07 0B 36 0B 45 89 02 11 E9 60 32 66 10 01 36 0B 0E 07 0B 36 0B 46 89 68 62 1C 13 66 12 6C 37 47 52 53 81 64 11 EA 50 8A 67 65 15 13 35 6B 12 34 52 || setup 09 43 04 42 46 45 00 47 4A 01 00 4B 09 0A 05 05 05 05 05 05 05 4C 09 01 49 09 08 4D 01 09 4E 3B 48 68 3B 07 12 0E 35 11 01 10 1C 13 3B 07 12 0E 35 11 01 10 12 6C 37 44 50
invertBranchOrder: steps=107 | 66 67 14 25 0C 50 05 11 40 53 81 01 63 10 AD 11 43 CE 50 60 31 5E 46 AD 04 11 5E 36 62 07 11 C9 08 10 42 89 01 11 E9 62 01 11 01 36 42 89 01 11 5E 64 60 32 65 10 01 36 0B 0E 07 0B 36 0B 45 89 02 11 E9 60 32 66 10 01 36 0B 0E 07 0B 36 0B 46 89 68 62 1C 13 66 12 6C 37 47 52 53 81 64 11 EA 50 8A 67 65 15 13 35 6B 12 34 52 || setup 09 43 04 42 46 45 00 47 4A 01 00 4B 09 0A 05 05 05 05 05 05 05 4C 09 01 49 09 08 4D 01 09 4E 3B 48 68 3B 07 12 0E 35 11 01 10 1C 13 3B 07 12 0E 35 11 01 10 12 6C 37 44 50
aggressiveTerminalDirect+invertBranchOrder: steps=107 | 66 67 14 25 0C 50 05 11 40 53 81 01 63 10 AD 11 43 CE 50 60 31 5E 46 AD 04 11 5E 36 62 07 11 C9 08 10 42 89 01 11 E9 62 01 11 01 36 42 89 01 11 5E 64 60 32 65 10 01 36 0B 0E 07 0B 36 0B 45 89 02 11 E9 60 32 66 10 01 36 0B 0E 07 0B 36 0B 46 89 68 62 1C 13 66 12 6C 37 47 52 53 81 64 11 EA 50 8A 67 65 15 13 35 6B 12 34 52 || setup 09 43 04 42 46 45 00 47 4A 01 00 4B 09 0A 05 05 05 05 05 05 05 4C 09 01 49 09 08 4D 01 09 4E 3B 48 68 3B 07 12 0E 35 11 01 10 1C 13 3B 07 12 0E 35 11 01 10 12 6C 37 44 50
hoistSharedHelpers: steps=109 | 8D 67 65 15 13 35 6B 12 34 52 66 67 14 25 0C 50 05 11 40 53 92 01 63 10 A9 11 43 5C 30 50 60 31 5E 57 A9 04 11 5E 47 62 07 11 CA 08 10 42 8A 01 11 EA 62 01 11 01 36 42 8A 01 11 5E 75 60 32 65 10 01 36 0B 0E 07 0B 36 0B 45 8A 02 11 EA 60 32 66 10 01 36 0B 0E 07 0B 36 0B 46 8A 68 62 1C 13 66 12 6C 37 47 52 53 92 64 11 ED 50 8D || setup 09 43 04 42 46 45 00 47 09 0A 05 05 05 05 05 05 05 4C 01 49 01 00 02 4A 01 00 4B 4D 3B 48 68 3B 07 12 0E 35 11 01 10 1C 13 3B 07 12 0E 35 11 01 10 12 6C 37 44 50
hoistSharedHelpers+hoistProcs: steps=106 | 8E 67 65 15 13 35 6B 12 34 52 68 62 1C 13 66 12 6C 37 47 52 AA 64 11 EE 50 66 67 14 25 0C 50 05 11 40 AA 01 63 10 AD 11 43 5C 44 50 60 31 5E 71 AD 04 11 5E 61 62 07 11 C9 08 10 42 89 01 11 E9 62 01 11 01 36 42 89 01 11 5E 89 60 32 65 10 01 36 0B 0E 07 0B 36 0B 45 89 02 11 E9 60 32 66 10 01 36 0B 0E 07 0B 36 0B 46 89 || setup 09 43 04 42 46 45 00 47 01 00 4B 4A 09 0A 05 05 05 05 05 05 05 4C 02 00 49 01 4D 02 05 4E 3B 48 68 3B 07 12 0E 35 11 01 10 1C 13 3B 07 12 0E 35 11 01 10 12 6C 37 44 50
canonicalizeIfChains: steps=107 | 66 67 14 25 0C 50 05 11 40 53 81 01 63 10 AD 11 43 CE 50 60 31 5E 46 AD 04 11 5E 36 62 07 11 C9 08 10 42 89 01 11 E9 62 01 11 01 36 42 89 01 11 5E 64 60 32 65 10 01 36 0B 0E 07 0B 36 0B 45 89 02 11 E9 60 32 66 10 01 36 0B 0E 07 0B 36 0B 46 89 68 62 1C 13 66 12 6C 37 47 52 53 81 64 11 EA 50 8A 67 65 15 13 35 6B 12 34 52 || setup 09 43 04 42 46 45 00 47 4A 01 00 4B 09 0A 05 05 05 05 05 05 05 4C 09 01 49 09 08 4D 01 09 4E 3B 48 68 3B 07 12 0E 35 11 01 10 1C 13 3B 07 12 0E 35 11 01 10 12 6C 37 44 50
freeResidualDispatchScratch: steps=107 | 66 67 14 25 0C 50 05 11 40 53 81 01 63 10 AB 11 43 CC 50 60 31 5E 46 AB 04 11 5E 36 62 07 11 C9 08 10 42 89 01 11 E9 62 01 11 01 36 42 89 01 11 5E 64 60 32 65 10 01 36 0B 0E 07 0B 36 0B 45 89 02 11 E9 60 32 66 10 01 36 0B 0E 07 0B 36 0B 46 89 68 62 1C 13 66 12 6E 37 47 52 53 81 64 11 EA 50 8A 67 65 15 13 35 6D 12 34 52 || setup 09 43 04 42 46 45 00 47 4A 01 00 4D 09 0A 05 05 05 05 05 05 05 4E 09 01 49 09 08 4B 01 09 4C 3B 48 68 3B 07 12 0E 35 11 01 10 1C 13 3B 07 12 0E 35 11 01 10 12 6E 37 44 50
aliasXReuse: steps=107 | 66 67 14 25 0C 50 05 11 40 53 81 01 63 10 AD 11 43 CE 50 60 31 5E 46 AD 04 11 5E 36 62 07 11 C9 08 10 42 89 01 11 E9 62 01 11 01 36 42 89 01 11 5E 64 60 32 65 10 01 36 0B 0E 07 0B 36 0B 45 89 02 11 E9 60 32 66 10 01 36 0B 0E 07 0B 36 0B 46 89 68 62 1C 13 66 12 6C 37 47 52 53 81 64 11 EA 50 8A 67 65 15 13 35 6B 12 34 52 || setup 09 43 04 42 46 45 00 47 4A 01 00 4B 09 0A 05 05 05 05 05 05 05 4C 09 01 49 09 08 4D 01 09 4E 3B 48 68 3B 07 12 0E 35 11 01 10 1C 13 3B 07 12 0E 35 11 01 10 12 6C 37 44 50
coalesceCopies: steps=107 | 66 67 14 25 0C 50 05 11 40 53 81 01 63 10 AD 11 43 CE 50 60 31 5E 46 AD 04 11 5E 36 62 07 11 C9 08 10 42 89 01 11 E9 62 01 11 01 36 42 89 01 11 5E 64 60 32 65 10 01 36 0B 0E 07 0B 36 0B 45 89 02 11 E9 60 32 66 10 01 36 0B 0E 07 0B 36 0B 46 89 68 62 1C 13 66 12 6C 37 47 52 53 81 64 11 EA 50 8A 67 65 15 13 35 6B 12 34 52 || setup 09 43 04 42 46 45 00 47 4A 01 00 4B 09 0A 05 05 05 05 05 05 05 4C 09 01 49 09 08 4D 01 09 4E 3B 48 68 3B 07 12 0E 35 11 01 10 1C 13 3B 07 12 0E 35 11 01 10 12 6C 37 44 50
freeResidualDispatchScratch+canonicalizeIfChains: steps=107 | 66 67 14 25 0C 50 05 11 40 53 81 01 63 10 AB 11 43 CC 50 60 31 5E 46 AB 04 11 5E 36 62 07 11 C9 08 10 42 89 01 11 E9 62 01 11 01 36 42 89 01 11 5E 64 60 32 65 10 01 36 0B 0E 07 0B 36 0B 45 89 02 11 E9 60 32 66 10 01 36 0B 0E 07 0B 36 0B 46 89 68 62 1C 13 66 12 6E 37 47 52 53 81 64 11 EA 50 8A 67 65 15 13 35 6D 12 34 52 || setup 09 43 04 42 46 45 00 47 4A 01 00 4D 09 0A 05 05 05 05 05 05 05 4E 09 01 49 09 08 4B 01 09 4C 3B 48 68 3B 07 12 0E 35 11 01 10 1C 13 3B 07 12 0E 35 11 01 10 12 6E 37 44 50
repeatedUnaryUpdateArgTemp: steps=107 | 66 67 14 25 0C 50 05 11 40 53 81 01 63 10 AD 11 43 CE 50 60 31 5E 46 AD 04 11 5E 36 62 07 11 C9 08 10 42 89 01 11 E9 62 01 11 01 36 42 89 01 11 5E 64 60 32 65 10 01 36 0B 0E 07 0B 36 0B 45 89 02 11 E9 60 32 66 10 01 36 0B 0E 07 0B 36 0B 46 89 68 62 1C 13 66 12 6C 37 47 52 53 81 64 11 EA 50 8A 67 65 15 13 35 6B 12 34 52 || setup 09 43 04 42 46 45 00 47 4A 01 00 4B 09 0A 05 05 05 05 05 05 05 4C 09 01 49 09 08 4D 01 09 4E 3B 48 68 3B 07 12 0E 35 11 01 10 1C 13 3B 07 12 0E 35 11 01 10 12 6C 37 44 50
xParamValueFunction: steps=107 | 66 67 14 25 0C 50 05 11 40 53 81 01 63 10 AD 11 43 CE 50 60 31 5E 46 AD 04 11 5E 36 62 07 11 C9 08 10 42 89 01 11 E9 62 01 11 01 36 42 89 01 11 5E 64 60 32 65 10 01 36 0B 0E 07 0B 36 0B 45 89 02 11 E9 60 32 66 10 01 36 0B 0E 07 0B 36 0B 46 89 68 62 1C 13 66 12 6C 37 47 52 53 81 64 11 EA 50 8A 67 65 15 13 35 6B 12 34 52 || setup 09 43 04 42 46 45 00 47 4A 01 00 4B 09 0A 05 05 05 05 05 05 05 4C 09 01 49 09 08 4D 01 09 4E 3B 48 68 3B 07 12 0E 35 11 01 10 1C 13 3B 07 12 0E 35 11 01 10 12 6C 37 44 50
xParamValueFunction+repeatedUnaryUpdateArgTemp: steps=107 | 66 67 14 25 0C 50 05 11 40 53 81 01 63 10 AD 11 43 CE 50 60 31 5E 46 AD 04 11 5E 36 62 07 11 C9 08 10 42 89 01 11 E9 62 01 11 01 36 42 89 01 11 5E 64 60 32 65 10 01 36 0B 0E 07 0B 36 0B 45 89 02 11 E9 60 32 66 10 01 36 0B 0E 07 0B 36 0B 46 89 68 62 1C 13 66 12 6C 37 47 52 53 81 64 11 EA 50 8A 67 65 15 13 35 6B 12 34 52 || setup 09 43 04 42 46 45 00 47 4A 01 00 4B 09 0A 05 05 05 05 05 05 05 4C 09 01 49 09 08 4D 01 09 4E 3B 48 68 3B 07 12 0E 35 11 01 10 1C 13 3B 07 12 0E 35 11 01 10 12 6C 37 44 50
xParamValueFunction+repeatedUnaryUpdateArgTemp+coalesceCopies: steps=107 | 66 67 14 25 0C 50 05 11 40 53 81 01 63 10 AD 11 43 CE 50 60 31 5E 46 AD 04 11 5E 36 62 07 11 C9 08 10 42 89 01 11 E9 62 01 11 01 36 42 89 01 11 5E 64 60 32 65 10 01 36 0B 0E 07 0B 36 0B 45 89 02 11 E9 60 32 66 10 01 36 0B 0E 07 0B 36 0B 46 89 68 62 1C 13 66 12 6C 37 47 52 53 81 64 11 EA 50 8A 67 65 15 13 35 6B 12 34 52 || setup 09 43 04 42 46 45 00 47 4A 01 00 4B 09 0A 05 05 05 05 05 05 05 4C 09 01 49 09 08 4D 01 09 4E 3B 48 68 3B 07 12 0E 35 11 01 10 1C 13 3B 07 12 0E 35 11 01 10 12 6C 37 44 50
shareRandomCell: steps=107 | 66 67 14 25 0C 50 05 11 40 53 81 01 63 10 AD 11 43 CE 50 60 31 5E 46 AD 04 11 5E 36 62 07 11 C9 08 10 42 89 01 11 E9 62 01 11 01 36 42 89 01 11 5E 64 60 32 65 10 01 36 0B 0E 07 0B 36 0B 45 89 02 11 E9 60 32 66 10 01 36 0B 0E 07 0B 36 0B 46 89 68 62 1C 13 66 12 6C 37 47 52 53 81 64 11 EA 50 8A 67 65 15 13 35 6B 12 34 52 || setup 09 43 04 42 46 45 00 47 4A 01 00 4B 09 0A 05 05 05 05 05 05 05 4C 09 01 49 09 08 4D 01 09 4E 3B 48 68 3B 07 12 0E 35 11 01 10 1C 13 3B 07 12 0E 35 11 01 10 12 6C 37 44 50
shareRandomCell+hoistSharedHelpers: steps=109 | 8D 67 65 15 13 35 6B 12 34 52 66 67 14 25 0C 50 05 11 40 53 92 01 63 10 A9 11 43 5C 30 50 60 31 5E 57 A9 04 11 5E 47 62 07 11 CA 08 10 42 8A 01 11 EA 62 01 11 01 36 42 8A 01 11 5E 75 60 32 65 10 01 36 0B 0E 07 0B 36 0B 45 8A 02 11 EA 60 32 66 10 01 36 0B 0E 07 0B 36 0B 46 8A 68 62 1C 13 66 12 6C 37 47 52 53 92 64 11 ED 50 8D || setup 09 43 04 42 46 45 00 47 09 0A 05 05 05 05 05 05 05 4C 01 49 01 00 02 4A 01 00 4B 4D 3B 48 68 3B 07 12 0E 35 11 01 10 1C 13 3B 07 12 0E 35 11 01 10 12 6C 37 44 50
tailBranchInversion: steps=107 | 66 67 14 25 0C 50 05 11 40 53 81 01 63 10 AD 11 43 CE 50 60 31 5E 46 AD 04 11 5E 36 62 07 11 C9 08 10 42 89 01 11 E9 62 01 11 01 36 42 89 01 11 5E 64 60 32 65 10 01 36 0B 0E 07 0B 36 0B 45 89 02 11 E9 60 32 66 10 01 36 0B 0E 07 0B 36 0B 46 89 68 62 1C 13 66 12 6C 37 47 52 53 81 64 11 EA 50 8A 67 65 15 13 35 6B 12 34 52 || setup 09 43 04 42 46 45 00 47 4A 01 00 4B 09 0A 05 05 05 05 05 05 05 4C 09 01 49 09 08 4D 01 09 4E 3B 48 68 3B 07 12 0E 35 11 01 10 1C 13 3B 07 12 0E 35 11 01 10 12 6C 37 44 50
hoistSharedHelpers+canonicalizeIfChains+tailBranchInversion: steps=109 | 8D 67 65 15 13 35 6B 12 34 52 66 67 14 25 0C 50 05 11 40 53 92 01 63 10 A9 11 43 5C 30 50 60 31 5E 57 A9 04 11 5E 47 62 07 11 CA 08 10 42 8A 01 11 EA 62 01 11 01 36 42 8A 01 11 5E 75 60 32 65 10 01 36 0B 0E 07 0B 36 0B 45 8A 02 11 EA 60 32 66 10 01 36 0B 0E 07 0B 36 0B 46 8A 68 62 1C 13 66 12 6C 37 47 52 53 92 64 11 ED 50 8D || setup 09 43 04 42 46 45 00 47 09 0A 05 05 05 05 05 05 05 4C 01 49 01 00 02 4A 01 00 4B 4D 3B 48 68 3B 07 12 0E 35 11 01 10 1C 13 3B 07 12 0E 35 11 01 10 12 6C 37 44 50
guardedPrologueGadgets: steps=107 | 66 67 14 25 0C 50 05 11 40 53 81 01 63 10 AD 11 43 CE 50 60 31 5E 46 AD 04 11 5E 36 62 07 11 C9 08 10 42 89 01 11 E9 62 01 11 01 36 42 89 01 11 5E 64 60 32 65 10 01 36 0B 0E 07 0B 36 0B 45 89 02 11 E9 60 32 66 10 01 36 0B 0E 07 0B 36 0B 46 89 68 62 1C 13 66 12 6C 37 47 52 53 81 64 11 EA 50 8A 67 65 15 13 35 6B 12 34 52 || setup 09 43 04 42 46 45 00 47 4A 01 00 4B 09 0A 05 05 05 05 05 05 05 4C 09 01 49 09 08 4D 01 09 4E 3B 48 68 3B 07 12 0E 35 11 01 10 1C 13 3B 07 12 0E 35 11 01 10 12 6C 37 44 50
guardedPrologueGadgets+hoistSharedHelpers+hoistProcs: steps=106 | 8E 67 65 15 13 35 6B 12 34 52 68 62 1C 13 66 12 6C 37 47 52 AA 64 11 EE 50 66 67 14 25 0C 50 05 11 40 AA 01 63 10 AD 11 43 5C 44 50 60 31 5E 71 AD 04 11 5E 61 62 07 11 C9 08 10 42 89 01 11 E9 62 01 11 01 36 42 89 01 11 5E 89 60 32 65 10 01 36 0B 0E 07 0B 36 0B 45 89 02 11 E9 60 32 66 10 01 36 0B 0E 07 0B 36 0B 46 89 || setup 09 43 04 42 46 45 00 47 01 00 4B 4A 09 0A 05 05 05 05 05 05 05 4C 02 00 49 01 4D 02 05 4E 3B 48 68 3B 07 12 0E 35 11 01 10 1C 13 3B 07 12 0E 35 11 01 10 12 6C 37 44 50
sharedBitMaskHelperCalls: steps=107 | 66 67 14 25 0C 50 05 11 40 53 81 01 63 10 AD 11 43 CE 50 60 31 5E 46 AD 04 11 5E 36 62 07 11 C9 08 10 42 89 01 11 E9 62 01 11 01 36 42 89 01 11 5E 64 60 32 65 10 01 36 0B 0E 07 0B 36 0B 45 89 02 11 E9 60 32 66 10 01 36 0B 0E 07 0B 36 0B 46 89 68 62 1C 13 66 12 6C 37 47 52 53 81 64 11 EA 50 8A 67 65 15 13 35 6B 12 34 52 || setup 09 43 04 42 46 45 00 47 4A 01 00 4B 09 0A 05 05 05 05 05 05 05 4C 09 01 49 09 08 4D 01 09 4E 3B 48 68 3B 07 12 0E 35 11 01 10 1C 13 3B 07 12 0E 35 11 01 10 12 6C 37 44 50
sharedBitMaskHelperCalls+hoistSharedHelpers: steps=109 | 8D 67 65 15 13 35 6B 12 34 52 66 67 14 25 0C 50 05 11 40 53 92 01 63 10 A9 11 43 5C 30 50 60 31 5E 57 A9 04 11 5E 47 62 07 11 CA 08 10 42 8A 01 11 EA 62 01 11 01 36 42 8A 01 11 5E 75 60 32 65 10 01 36 0B 0E 07 0B 36 0B 45 8A 02 11 EA 60 32 66 10 01 36 0B 0E 07 0B 36 0B 46 8A 68 62 1C 13 66 12 6C 37 47 52 53 92 64 11 ED 50 8D || setup 09 43 04 42 46 45 00 47 09 0A 05 05 05 05 05 05 05 4C 01 49 01 00 02 4A 01 00 4B 4D 3B 48 68 3B 07 12 0E 35 11 01 10 1C 13 3B 07 12 0E 35 11 01 10 12 6C 37 44 50
