primary: steps=75 | 6D 3A 50 5E 18 6A 65 11 61 31 11 59 56 6E 3A 50 51 56 02 11 5E 29 60 6C 11 40 17 51 56 02 11 5E 39 61 6A 11 41 51 56 02 11 5E 48 6A 61 10 51 36 02 11 5E 56 6C 60 10 40 01 66 10 46 3B 09 12 0E 35 11 01 10 66 59 00 6B 50 51 00 || setup 09 01 1D 18 00 42 40 41 03 44 45 43 03 00 00 0B 46 01 00 4A 01 00 00 4C 01 03 02 00 05 08 07 4D 01 03 02 05 01 05 08 07 4E 01 00 00 06 02 06 00 00 0E 09 01 06 08 09 09 09 01 39 4B 01 02 3A 35 6B 14 54 0C 0C 07 4B 50
aggressiveTerminalDirect: steps=75 | 6D 3A 50 5E 18 6A 65 11 61 31 11 59 56 6E 3A 50 51 56 02 11 5E 29 60 6C 11 40 17 51 56 02 11 5E 39 61 6A 11 41 51 56 02 11 5E 48 6A 61 10 51 36 02 11 5E 56 6C 60 10 40 01 66 10 46 3B 09 12 0E 35 11 01 10 66 59 00 6B 50 51 00 || setup 09 01 1D 18 00 42 40 41 03 44 45 43 03 00 00 0B 46 01 00 4A 01 00 00 4C 01 03 02 00 05 08 07 4D 01 03 02 05 01 05 08 07 4E 01 00 00 06 02 06 00 00 0E 09 01 06 08 09 09 09 01 39 4B 01 02 3A 35 6B 14 54 0C 0C 07 4B 50
invertBranchOrder: steps=75 | 6D 3A 50 5E 18 6A 65 11 61 31 11 59 56 6E 3A 50 51 56 02 11 5E 29 60 6C 11 40 17 51 56 02 11 5E 39 61 6A 11 41 51 56 02 11 5E 48 6A 61 10 51 36 02 11 5E 56 6C 60 10 40 01 66 10 46 3B 09 12 0E 35 11 01 10 66 59 00 6B 50 51 00 || setup 09 01 1D 18 00 42 40 41 03 44 45 43 03 00 00 0B 46 01 00 4A 01 00 00 4C 01 03 02 00 05 08 07 4D 01 03 02 05 01 05 08 07 4E 01 00 00 06 02 06 00 00 0E 09 01 06 08 09 09 09 01 39 4B 01 02 3A 35 6B 14 54 0C 0C 07 4B 50
aggressiveTerminalDirect+invertBranchOrder: steps=75 | 6D 3A 50 5E 18 6A 65 11 61 31 11 59 56 6E 3A 50 51 56 02 11 5E 29 60 6C 11 40 17 51 56 02 11 5E 39 61 6A 11 41 51 56 02 11 5E 48 6A 61 10 51 36 02 11 5E 56 6C 60 10 40 01 66 10 46 3B 09 12 0E 35 11 01 10 66 59 00 6B 50 51 00 || setup 09 01 1D 18 00 42 40 41 03 44 45 43 03 00 00 0B 46 01 00 4A 01 00 00 4C 01 03 02 00 05 08 07 4D 01 03 02 05 01 05 08 07 4E 01 00 00 06 02 06 00 00 0E 09 01 06 08 09 09 09 01 39 4B 01 02 3A 35 6B 14 54 0C 0C 07 4B 50
hoistSharedHelpers: steps=75 | 6D 3A 50 5E 18 6A 65 11 61 31 11 59 56 6E 3A 50 51 56 02 11 5E 29 60 6C 11 40 17 51 56 02 11 5E 39 61 6A 11 41 51 56 02 11 5E 48 6A 61 10 51 36 02 11 5E 56 6C 60 10 40 01 66 10 46 3B 09 12 0E 35 11 01 10 66 59 00 6B 50 51 00 || setup 09 01 1D 18 00 42 40 41 03 44 45 43 03 00 00 0B 46 01 00 4A 01 00 00 4C 01 03 02 00 05 08 07 4D 01 03 02 05 01 05 08 07 4E 01 00 00 06 02 06 00 00 0E 09 01 06 08 09 09 09 01 39 4B 01 02 3A 35 6B 14 54 0C 0C 07 4B 50
hoistSharedHelpers+hoistProcs: steps=75 | 6D 3A 50 5E 18 6A 65 11 61 31 11 59 56 6E 3A 50 51 56 02 11 5E 29 60 6C 11 40 17 51 56 02 11 5E 39 61 6A 11 41 51 56 02 11 5E 48 6A 61 10 51 36 02 11 5E 56 6C 60 10 40 01 66 10 46 3B 09 12 0E 35 11 01 10 66 59 00 6B 50 51 00 || setup 09 01 1D 18 00 42 40 41 03 44 45 43 03 00 00 0B 46 01 00 4A 01 00 00 4C 01 03 02 00 05 08 07 4D 01 03 02 05 01 05 08 07 4E 01 00 00 06 02 06 00 00 0E 09 01 06 08 09 09 09 01 39 4B 01 02 3A 35 6B 14 54 0C 0C 07 4B 50
canonicalizeIfChains: steps=75 | 6D 3A 50 5E 18 6A 65 11 61 31 11 59 56 6E 3A 50 51 56 02 11 5E 29 60 6C 11 40 17 51 56 02 11 5E 39 61 6A 11 41 51 56 02 11 5E 48 6A 61 10 51 36 02 11 5E 56 6C 60 10 40 01 66 10 46 3B 09 12 0E 35 11 01 10 66 59 00 6B 50 51 00 || setup 09 01 1D 18 00 42 40 41 03 44 45 43 03 00 00 0B 46 01 00 4A 01 00 00 4C 01 03 02 00 05 08 07 4D 01 03 02 05 01 05 08 07 4E 01 00 00 06 02 06 00 00 0E 09 01 06 08 09 09 09 01 39 4B 01 02 3A 35 6B 14 54 0C 0C 07 4B 50
freeResidualDispatchScratch: steps=75 | 6D 3A 50 5E 18 6A 65 11 61 31 11 59 56 6E 3A 50 51 56 02 11 5E 29 60 6C 11 40 17 51 56 02 11 5E 39 61 6A 11 41 51 56 02 11 5E 48 6A 61 10 51 36 02 11 5E 56 6C 60 10 40 01 66 10 46 3B 09 12 0E 35 11 01 10 66 59 00 6B 50 51 00 || setup 09 01 1D 18 00 42 40 41 03 44 45 43 03 00 00 0B 46 01 00 4A 01 00 00 4C 01 03 02 00 05 08 07 4D 01 03 02 05 01 05 08 07 4E 01 00 00 06 02 06 00 00 0E 09 01 06 08 09 09 09 01 39 4B 01 02 3A 35 6B 14 54 0C 0C 07 4B 50
aliasXReuse: steps=75 | 6D 3A 50 5E 18 6A 65 11 61 31 11 59 56 6E 3A 50 51 56 02 11 5E 29 60 6C 11 40 17 51 56 02 11 5E 39 61 6A 11 41 51 56 02 11 5E 48 6A 61 10 51 36 02 11 5E 56 6C 60 10 40 01 66 10 46 3B 09 12 0E 35 11 01 10 66 59 00 6B 50 51 00 || setup 09 01 1D 18 00 42 40 41 03 44 45 43 03 00 00 0B 46 01 00 4A 01 00 00 4C 01 03 02 00 05 08 07 4D 01 03 02 05 01 05 08 07 4E 01 00 00 06 02 06 00 00 0E 09 01 06 08 09 09 09 01 39 4B 01 02 3A 35 6B 14 54 0C 0C 07 4B 50
coalesceCopies: steps=75 | 6D 3A 50 5E 18 6A 65 11 61 31 11 59 56 6E 3A 50 51 56 02 11 5E 29 60 6C 11 40 17 51 56 02 11 5E 39 61 6A 11 41 51 56 02 11 5E 48 6A 61 10 51 36 02 11 5E 56 6C 60 10 40 01 66 10 46 3B 09 12 0E 35 11 01 10 66 59 00 6B 50 51 00 || setup 09 01 1D 18 00 42 40 41 03 44 45 43 03 00 00 0B 46 01 00 4A 01 00 00 4C 01 03 02 00 05 08 07 4D 01 03 02 05 01 05 08 07 4E 01 00 00 06 02 06 00 00 0E 09 01 06 08 09 09 09 01 39 4B 01 02 3A 35 6B 14 54 0C 0C 07 4B 50
freeResidualDispatchScratch+canonicalizeIfChains: steps=75 | 6D 3A 50 5E 18 6A 65 11 61 31 11 59 56 6E 3A 50 51 56 02 11 5E 29 60 6C 11 40 17 51 56 02 11 5E 39 61 6A 11 41 51 56 02 11 5E 48 6A 61 10 51 36 02 11 5E 56 6C 60 10 40 01 66 10 46 3B 09 12 0E 35 11 01 10 66 59 00 6B 50 51 00 || setup 09 01 1D 18 00 42 40 41 03 44 45 43 03 00 00 0B 46 01 00 4A 01 00 00 4C 01 03 02 00 05 08 07 4D 01 03 02 05 01 05 08 07 4E 01 00 00 06 02 06 00 00 0E 09 01 06 08 09 09 09 01 39 4B 01 02 3A 35 6B 14 54 0C 0C 07 4B 50
repeatedUnaryUpdateArgTemp: steps=75 | 6D 3A 50 5E 18 6A 65 11 61 31 11 59 56 6E 3A 50 51 56 02 11 5E 29 60 6C 11 40 17 51 56 02 11 5E 39 61 6A 11 41 51 56 02 11 5E 48 6A 61 10 51 36 02 11 5E 56 6C 60 10 40 01 66 10 46 3B 09 12 0E 35 11 01 10 66 59 00 6B 50 51 00 || setup 09 01 1D 18 00 42 40 41 03 44 45 43 03 00 00 0B 46 01 00 4A 01 00 00 4C 01 03 02 00 05 08 07 4D 01 03 02 05 01 05 08 07 4E 01 00 00 06 02 06 00 00 0E 09 01 06 08 09 09 09 01 39 4B 01 02 3A 35 6B 14 54 0C 0C 07 4B 50
xParamValueFunction: steps=75 | 6D 3A 50 5E 18 6A 65 11 61 31 11 59 56 6E 3A 50 51 56 02 11 5E 29 60 6C 11 40 17 51 56 02 11 5E 39 61 6A 11 41 51 56 02 11 5E 48 6A 61 10 51 36 02 11 5E 56 6C 60 10 40 01 66 10 46 3B 09 12 0E 35 11 01 10 66 59 00 6B 50 51 00 || setup 09 01 1D 18 00 42 40 41 03 44 45 43 03 00 00 0B 46 01 00 4A 01 00 00 4C 01 03 02 00 05 08 07 4D 01 03 02 05 01 05 08 07 4E 01 00 00 06 02 06 00 00 0E 09 01 06 08 09 09 09 01 39 4B 01 02 3A 35 6B 14 54 0C 0C 07 4B 50
xParamValueFunction+repeatedUnaryUpdateArgTemp: steps=75 | 6D 3A 50 5E 18 6A 65 11 61 31 11 59 56 6E 3A 50 51 56 02 11 5E 29 60 6C 11 40 17 51 56 02 11 5E 39 61 6A 11 41 51 56 02 11 5E 48 6A 61 10 51 36 02 11 5E 56 6C 60 10 40 01 66 10 46 3B 09 12 0E 35 11 01 10 66 59 00 6B 50 51 00 || setup 09 01 1D 18 00 42 40 41 03 44 45 43 03 00 00 0B 46 01 00 4A 01 00 00 4C 01 03 02 00 05 08 07 4D 01 03 02 05 01 05 08 07 4E 01 00 00 06 02 06 00 00 0E 09 01 06 08 09 09 09 01 39 4B 01 02 3A 35 6B 14 54 0C 0C 07 4B 50
xParamValueFunction+repeatedUnaryUpdateArgTemp+coalesceCopies: steps=75 | 6D 3A 50 5E 18 6A 65 11 61 31 11 59 56 6E 3A 50 51 56 02 11 5E 29 60 6C 11 40 17 51 56 02 11 5E 39 61 6A 11 41 51 56 02 11 5E 48 6A 61 10 51 36 02 11 5E 56 6C 60 10 40 01 66 10 46 3B 09 12 0E 35 11 01 10 66 59 00 6B 50 51 00 || setup 09 01 1D 18 00 42 40 41 03 44 45 43 03 00 00 0B 46 01 00 4A 01 00 00 4C 01 03 02 00 05 08 07 4D 01 03 02 05 01 05 08 07 4E 01 00 00 06 02 06 00 00 0E 09 01 06 08 09 09 09 01 39 4B 01 02 3A 35 6B 14 54 0C 0C 07 4B 50
shareRandomCell: steps=75 | 6D 3A 50 5E 18 6A 65 11 61 31 11 59 56 6E 3A 50 51 56 02 11 5E 29 60 6C 11 40 17 51 56 02 11 5E 39 61 6A 11 41 51 56 02 11 5E 48 6A 61 10 51 36 02 11 5E 56 6C 60 10 40 01 66 10 46 3B 09 12 0E 35 11 01 10 66 59 00 6B 50 51 00 || setup 09 01 1D 18 00 42 40 41 03 44 45 43 03 00 00 0B 46 01 00 4A 01 00 00 4C 01 03 02 00 05 08 07 4D 01 03 02 05 01 05 08 07 4E 01 00 00 06 02 06 00 00 0E 09 01 06 08 09 09 09 01 39 4B 01 02 3A 35 6B 14 54 0C 0C 07 4B 50
shareRandomCell+hoistSharedHelpers: steps=75 | 6D 3A 50 5E 18 6A 65 11 61 31 11 59 56 6E 3A 50 51 56 02 11 5E 29 60 6C 11 40 17 51 56 02 11 5E 39 61 6A 11 41 51 56 02 11 5E 48 6A 61 10 51 36 02 11 5E 56 6C 60 10 40 01 66 10 46 3B 09 12 0E 35 11 01 10 66 59 00 6B 50 51 00 || setup 09 01 1D 18 00 42 40 41 03 44 45 43 03 00 00 0B 46 01 00 4A 01 00 00 4C 01 03 02 00 05 08 07 4D 01 03 02 05 01 05 08 07 4E 01 00 00 06 02 06 00 00 0E 09 01 06 08 09 09 09 01 39 4B 01 02 3A 35 6B 14 54 0C 0C 07 4B 50
tailBranchInversion: steps=75 | 6D 3A 50 5E 18 6A 65 11 61 31 11 59 56 6E 3A 50 51 56 02 11 5E 29 60 6C 11 40 17 51 56 02 11 5E 39 61 6A 11 41 51 56 02 11 5E 48 6A 61 10 51 36 02 11 5E 56 6C 60 10 40 01 66 10 46 3B 09 12 0E 35 11 01 10 66 59 00 6B 50 51 00 || setup 09 01 1D 18 00 42 40 41 03 44 45 43 03 00 00 0B 46 01 00 4A 01 00 00 4C 01 03 02 00 05 08 07 4D 01 03 02 05 01 05 08 07 4E 01 00 00 06 02 06 00 00 0E 09 01 06 08 09 09 09 01 39 4B 01 02 3A 35 6B 14 54 0C 0C 07 4B 50
hoistSharedHelpers+canonicalizeIfChains+tailBranchInversion: steps=75 | 6D 3A 50 5E 18 6A 65 11 61 31 11 59 56 6E 3A 50 51 56 02 11 5E 29 60 6C 11 40 17 51 56 02 11 5E 39 61 6A 11 41 51 56 02 11 5E 48 6A 61 10 51 36 02 11 5E 56 6C 60 10 40 01 66 10 46 3B 09 12 0E 35 11 01 10 66 59 00 6B 50 51 00 || setup 09 01 1D 18 00 42 40 41 03 44 45 43 03 00 00 0B 46 01 00 4A 01 00 00 4C 01 03 02 00 05 08 07 4D 01 03 02 05 01 05 08 07 4E 01 00 00 06 02 06 00 00 0E 09 01 06 08 09 09 09 01 39 4B 01 02 3A 35 6B 14 54 0C 0C 07 4B 50
guardedPrologueGadgets: steps=75 | 6D 3A 50 5E 18 6A 65 11 61 31 11 59 56 6E 3A 50 51 56 02 11 5E 29 60 6C 11 40 17 51 56 02 11 5E 39 61 6A 11 41 51 56 02 11 5E 48 6A 61 10 51 36 02 11 5E 56 6C 60 10 40 01 66 10 46 3B 09 12 0E 35 11 01 10 66 59 00 6B 50 51 00 || setup 09 01 1D 18 00 42 40 41 03 44 45 43 03 00 00 0B 46 01 00 4A 01 00 00 4C 01 03 02 00 05 08 07 4D 01 03 02 05 01 05 08 07 4E 01 00 00 06 02 06 00 00 0E 09 01 06 08 09 09 09 01 39 4B 01 02 3A 35 6B 14 54 0C 0C 07 4B 50
guardedPrologueGadgets+hoistSharedHelpers+hoistProcs: steps=75 | 6D 3A 50 5E 18 6A 65 11 61 31 11 59 56 6E 3A 50 51 56 02 11 5E 29 60 6C 11 40 17 51 56 02 11 5E 39 61 6A 11 41 51 56 02 11 5E 48 6A 61 10 51 36 02 11 5E 56 6C 60 10 40 01 66 10 46 3B 09 12 0E 35 11 01 10 66 59 00 6B 50 51 00 || setup 09 01 1D 18 00 42 40 41 03 44 45 43 03 00 00 0B 46 01 00 4A 01 00 00 4C 01 03 02 00 05 08 07 4D 01 03 02 05 01 05 08 07 4E 01 00 00 06 02 06 00 00 0E 09 01 06 08 09 09 09 01 39 4B 01 02 3A 35 6B 14 54 0C 0C 07 4B 50
sharedBitMaskHelperCalls: steps=75 | 6D 3A 50 5E 18 6A 65 11 61 31 11 59 56 6E 3A 50 51 56 02 11 5E 29 60 6C 11 40 17 51 56 02 11 5E 39 61 6A 11 41 51 56 02 11 5E 48 6A 61 10 51 36 02 11 5E 56 6C 60 10 40 01 66 10 46 3B 09 12 0E 35 11 01 10 66 59 00 6B 50 51 00 || setup 09 01 1D 18 00 42 40 41 03 44 45 43 03 00 00 0B 46 01 00 4A 01 00 00 4C 01 03 02 00 05 08 07 4D 01 03 02 05 01 05 08 07 4E 01 00 00 06 02 06 00 00 0E 09 01 06 08 09 09 09 01 39 4B 01 02 3A 35 6B 14 54 0C 0C 07 4B 50
sharedBitMaskHelperCalls+hoistSharedHelpers: steps=75 | 6D 3A 50 5E 18 6A 65 11 61 31 11 59 56 6E 3A 50 51 56 02 11 5E 29 60 6C 11 40 17 51 56 02 11 5E 39 61 6A 11 41 51 56 02 11 5E 48 6A 61 10 51 36 02 11 5E 56 6C 60 10 40 01 66 10 46 3B 09 12 0E 35 11 01 10 66 59 00 6B 50 51 00 || setup 09 01 1D 18 00 42 40 41 03 44 45 43 03 00 00 0B 46 01 00 4A 01 00 00 4C 01 03 02 00 05 08 07 4D 01 03 02 05 01 05 08 07 4E 01 00 00 06 02 06 00 00 0E 09 01 06 08 09 09 09 01 39 4B 01 02 3A 35 6B 14 54 0C 0C 07 4B 50
