primary: steps=50 | 61 50 5E 06 51 00 02 11 5E 16 6D 61 10 41 51 00 02 11 5E 23 6E 51 11 02 11 5E 32 61 6E 11 51 13 02 11 5E 41 61 6D 11 51 13 02 11 5E 46 51 00 50 51 00 || setup 01 00 4C 00 0A 00 00 00 00 00 01 4E 02 0C 07 0B 4D 41 09 01 1D 18 50
aggressiveTerminalDirect: steps=50 | 61 50 5E 06 51 00 02 11 5E 16 6D 61 10 41 51 00 02 11 5E 23 6E 51 11 02 11 5E 32 61 6E 11 51 13 02 11 5E 41 61 6D 11 51 13 02 11 5E 46 51 00 50 51 00 || setup 01 00 4C 00 0A 00 00 00 00 00 01 4E 02 0C 07 0B 4D 41 09 01 1D 18 50
invertBranchOrder: steps=50 | 61 50 5E 06 51 00 02 11 5E 16 6D 61 10 41 51 00 02 11 5E 23 6E 51 11 02 11 5E 32 61 6E 11 51 13 02 11 5E 41 61 6D 11 51 13 02 11 5E 46 51 00 50 51 00 || setup 01 00 4C 00 0A 00 00 00 00 00 01 4E 02 0C 07 0B 4D 41 09 01 1D 18 50
aggressiveTerminalDirect+invertBranchOrder: steps=50 | 61 50 5E 06 51 00 02 11 5E 16 6D 61 10 41 51 00 02 11 5E 23 6E 51 11 02 11 5E 32 61 6E 11 51 13 02 11 5E 41 61 6D 11 51 13 02 11 5E 46 51 00 50 51 00 || setup 01 00 4C 00 0A 00 00 00 00 00 01 4E 02 0C 07 0B 4D 41 09 01 1D 18 50
hoistSharedHelpers: steps=50 | 61 50 5E 06 51 00 02 11 5E 16 6D 61 10 41 51 00 02 11 5E 23 6E 51 11 02 11 5E 32 61 6E 11 51 13 02 11 5E 41 61 6D 11 51 13 02 11 5E 46 51 00 50 51 00 || setup 01 00 4C 00 0A 00 00 00 00 00 01 4E 02 0C 07 0B 4D 41 09 01 1D 18 50
hoistSharedHelpers+hoistProcs: steps=50 | 61 50 5E 06 51 00 02 11 5E 16 6D 61 10 41 51 00 02 11 5E 23 6E 51 11 02 11 5E 32 61 6E 11 51 13 02 11 5E 41 61 6D 11 51 13 02 11 5E 46 51 00 50 51 00 || setup 01 00 4C 00 0A 00 00 00 00 00 01 4E 02 0C 07 0B 4D 41 09 01 1D 18 50
canonicalizeIfChains: steps=50 | 61 50 5E 06 51 00 02 11 5E 16 6D 61 10 41 51 00 02 11 5E 23 6E 51 11 02 11 5E 32 61 6E 11 51 13 02 11 5E 41 61 6D 11 51 13 02 11 5E 46 51 00 50 51 00 || setup 01 00 4C 00 0A 00 00 00 00 00 01 4E 02 0C 07 0B 4D 41 09 01 1D 18 50
freeResidualDispatchScratch: steps=50 | 61 50 5E 06 51 00 02 11 5E 16 6D 61 10 41 51 00 02 11 5E 23 6E 51 11 02 11 5E 32 61 6E 11 51 13 02 11 5E 41 61 6D 11 51 13 02 11 5E 46 51 00 50 51 00 || setup 01 00 4C 00 0A 00 00 00 00 00 01 4E 02 0C 07 0B 4D 41 09 01 1D 18 50
aliasXReuse: steps=50 | 61 50 5E 06 51 00 02 11 5E 16 6D 61 10 41 51 00 02 11 5E 23 6E 51 11 02 11 5E 32 61 6E 11 51 13 02 11 5E 41 61 6D 11 51 13 02 11 5E 46 51 00 50 51 00 || setup 01 00 4C 00 0A 00 00 00 00 00 01 4E 02 0C 07 0B 4D 41 09 01 1D 18 50
coalesceCopies: steps=50 | 61 50 5E 06 51 00 02 11 5E 16 6D 61 10 41 51 00 02 11 5E 23 6E 51 11 02 11 5E 32 61 6E 11 51 13 02 11 5E 41 61 6D 11 51 13 02 11 5E 46 51 00 50 51 00 || setup 01 00 4C 00 0A 00 00 00 00 00 01 4E 02 0C 07 0B 4D 41 09 01 1D 18 50
freeResidualDispatchScratch+canonicalizeIfChains: steps=50 | 61 50 5E 06 51 00 02 11 5E 16 6D 61 10 41 51 00 02 11 5E 23 6E 51 11 02 11 5E 32 61 6E 11 51 13 02 11 5E 41 61 6D 11 51 13 02 11 5E 46 51 00 50 51 00 || setup 01 00 4C 00 0A 00 00 00 00 00 01 4E 02 0C 07 0B 4D 41 09 01 1D 18 50
repeatedUnaryUpdateArgTemp: steps=50 | 61 50 5E 06 51 00 02 11 5E 16 6D 61 10 41 51 00 02 11 5E 23 6E 51 11 02 11 5E 32 61 6E 11 51 13 02 11 5E 41 61 6D 11 51 13 02 11 5E 46 51 00 50 51 00 || setup 01 00 4C 00 0A 00 00 00 00 00 01 4E 02 0C 07 0B 4D 41 09 01 1D 18 50
xParamValueFunction: steps=50 | 61 50 5E 06 51 00 02 11 5E 16 6D 61 10 41 51 00 02 11 5E 23 6E 51 11 02 11 5E 32 61 6E 11 51 13 02 11 5E 41 61 6D 11 51 13 02 11 5E 46 51 00 50 51 00 || setup 01 00 4C 00 0A 00 00 00 00 00 01 4E 02 0C 07 0B 4D 41 09 01 1D 18 50
xParamValueFunction+repeatedUnaryUpdateArgTemp: steps=50 | 61 50 5E 06 51 00 02 11 5E 16 6D 61 10 41 51 00 02 11 5E 23 6E 51 11 02 11 5E 32 61 6E 11 51 13 02 11 5E 41 61 6D 11 51 13 02 11 5E 46 51 00 50 51 00 || setup 01 00 4C 00 0A 00 00 00 00 00 01 4E 02 0C 07 0B 4D 41 09 01 1D 18 50
xParamValueFunction+repeatedUnaryUpdateArgTemp+coalesceCopies: steps=50 | 61 50 5E 06 51 00 02 11 5E 16 6D 61 10 41 51 00 02 11 5E 23 6E 51 11 02 11 5E 32 61 6E 11 51 13 02 11 5E 41 61 6D 11 51 13 02 11 5E 46 51 00 50 51 00 || setup 01 00 4C 00 0A 00 00 00 00 00 01 4E 02 0C 07 0B 4D 41 09 01 1D 18 50
shareRandomCell: steps=50 | 61 50 5E 06 51 00 02 11 5E 16 6D 61 10 41 51 00 02 11 5E 23 6E 51 11 02 11 5E 32 61 6E 11 51 13 02 11 5E 41 61 6D 11 51 13 02 11 5E 46 51 00 50 51 00 || setup 01 00 4C 00 0A 00 00 00 00 00 01 4E 02 0C 07 0B 4D 41 09 01 1D 18 50
shareRandomCell+hoistSharedHelpers: steps=50 | 61 50 5E 06 51 00 02 11 5E 16 6D 61 10 41 51 00 02 11 5E 23 6E 51 11 02 11 5E 32 61 6E 11 51 13 02 11 5E 41 61 6D 11 51 13 02 11 5E 46 51 00 50 51 00 || setup 01 00 4C 00 0A 00 00 00 00 00 01 4E 02 0C 07 0B 4D 41 09 01 1D 18 50
tailBranchInversion: steps=47 | 61 50 57 00 02 11 5E 14 6D 61 10 41 51 00 02 11 5E 21 6E 51 09 02 11 5E 30 61 6E 11 51 11 02 11 5E 39 61 6D 11 51 11 02 11 57 00 00 50 51 00 || setup 01 00 4C 00 0A 00 00 00 00 00 01 4E 02 0C 07 0B 4D 41 09 01 1D 18 50
hoistSharedHelpers+canonicalizeIfChains+tailBranchInversion: steps=47 | 61 50 57 00 02 11 5E 14 6D 61 10 41 51 00 02 11 5E 21 6E 51 09 02 11 5E 30 61 6E 11 51 11 02 11 5E 39 61 6D 11 51 11 02 11 57 00 00 50 51 00 || setup 01 00 4C 00 0A 00 00 00 00 00 01 4E 02 0C 07 0B 4D 41 09 01 1D 18 50
guardedPrologueGadgets: steps=50 | 61 50 5E 06 51 00 02 11 5E 16 6D 61 10 41 51 00 02 11 5E 23 6E 51 11 02 11 5E 32 61 6E 11 51 13 02 11 5E 41 61 6D 11 51 13 02 11 5E 46 51 00 50 51 00 || setup 01 00 4C 00 0A 00 00 00 00 00 01 4E 02 0C 07 0B 4D 41 09 01 1D 18 50
guardedPrologueGadgets+hoistSharedHelpers+hoistProcs: steps=50 | 61 50 5E 06 51 00 02 11 5E 16 6D 61 10 41 51 00 02 11 5E 23 6E 51 11 02 11 5E 32 61 6E 11 51 13 02 11 5E 41 61 6D 11 51 13 02 11 5E 46 51 00 50 51 00 || setup 01 00 4C 00 0A 00 00 00 00 00 01 4E 02 0C 07 0B 4D 41 09 01 1D 18 50
sharedBitMaskHelperCalls: steps=50 | 61 50 5E 06 51 00 02 11 5E 16 6D 61 10 41 51 00 02 11 5E 23 6E 51 11 02 11 5E 32 61 6E 11 51 13 02 11 5E 41 61 6D 11 51 13 02 11 5E 46 51 00 50 51 00 || setup 01 00 4C 00 0A 00 00 00 00 00 01 4E 02 0C 07 0B 4D 41 09 01 1D 18 50
sharedBitMaskHelperCalls+hoistSharedHelpers: steps=50 | 61 50 5E 06 51 00 02 11 5E 16 6D 61 10 41 51 00 02 11 5E 23 6E 51 11 02 11 5E 32 61 6E 11 51 13 02 11 5E 41 61 6D 11 51 13 02 11 5E 46 51 00 50 51 00 || setup 01 00 4C 00 0A 00 00 00 00 00 01 4E 02 0C 07 0B 4D 41 09 01 1D 18 50
