primary: steps=114 | 02 05 40 60 50 3B 01 03 12 03 13 34 5E 15 07 4D 3B 48 6B 12 34 49 DD 69 10 BD 04 53 39 05 53 39 06 53 39 5D 03 6E 50 4D 03 11 4C 50 34 49 67 14 11 47 21 DD 69 10 BD 21 68 0E 3B 48 11 5C 69 DC 53 6B BC 51 73 DD 53 6B BD DD 53 6B BD DC 53 6B BC 35 68 0E 3B 48 10 01 10 02 00 12 DD DC 13 13 34 6A 13 11 17 0F DC 34 10 BC 52 68 12 04 13 34 11 52 || setup 09 01 1D 18 00 0A 05 48 05 00 00 00 0A 09 09 09 41 42 43 00 44 45 46 02 05 00 00 00 47 01 00 00 00 4A 01 00 00 00 00 4B 08 01 00 02 00 00 08 08 00 00 00 00 00 00 00 4E 50
aggressiveTerminalDirect: steps=114 | 02 05 40 60 50 3B 01 03 12 03 13 34 5E 15 07 4D 3B 48 6B 12 34 49 DD 69 10 BD 04 53 39 05 53 39 06 53 39 5D 03 6E 50 4D 03 11 4C 50 34 49 67 14 11 47 21 DD 69 10 BD 21 68 0E 3B 48 11 5C 69 DC 53 6B BC 51 73 DD 53 6B BD DD 53 6B BD DC 53 6B BC 35 68 0E 3B 48 10 01 10 02 00 12 DD DC 13 13 34 6A 13 11 17 0F DC 34 10 BC 52 68 12 04 13 34 11 52 || setup 09 01 1D 18 00 0A 05 48 05 00 00 00 0A 09 09 09 41 42 43 00 44 45 46 02 05 00 00 00 47 01 00 00 00 4A 01 00 00 00 00 4B 08 01 00 02 00 00 08 08 00 00 00 00 00 00 00 4E 50
invertBranchOrder: steps=114 | 02 05 40 60 50 3B 01 03 12 03 13 34 5E 15 07 4D 3B 48 6B 12 34 49 DD 69 10 BD 04 53 39 05 53 39 06 53 39 5D 03 6E 50 4D 03 11 4C 50 34 49 67 14 11 47 21 DD 69 10 BD 21 68 0E 3B 48 11 5C 69 DC 53 6B BC 51 73 DD 53 6B BD DD 53 6B BD DC 53 6B BC 35 68 0E 3B 48 10 01 10 02 00 12 DD DC 13 13 34 6A 13 11 17 0F DC 34 10 BC 52 68 12 04 13 34 11 52 || setup 09 01 1D 18 00 0A 05 48 05 00 00 00 0A 09 09 09 41 42 43 00 44 45 46 02 05 00 00 00 47 01 00 00 00 4A 01 00 00 00 00 4B 08 01 00 02 00 00 08 08 00 00 00 00 00 00 00 4E 50
aggressiveTerminalDirect+invertBranchOrder: steps=114 | 02 05 40 60 50 3B 01 03 12 03 13 34 5E 15 07 4D 3B 48 6B 12 34 49 DD 69 10 BD 04 53 39 05 53 39 06 53 39 5D 03 6E 50 4D 03 11 4C 50 34 49 67 14 11 47 21 DD 69 10 BD 21 68 0E 3B 48 11 5C 69 DC 53 6B BC 51 73 DD 53 6B BD DD 53 6B BD DC 53 6B BC 35 68 0E 3B 48 10 01 10 02 00 12 DD DC 13 13 34 6A 13 11 17 0F DC 34 10 BC 52 68 12 04 13 34 11 52 || setup 09 01 1D 18 00 0A 05 48 05 00 00 00 0A 09 09 09 41 42 43 00 44 45 46 02 05 00 00 00 47 01 00 00 00 4A 01 00 00 00 00 4B 08 01 00 02 00 00 08 08 00 00 00 00 00 00 00 4E 50
hoistSharedHelpers: steps=114 | 02 05 40 60 50 3B 01 03 12 03 13 34 5E 15 07 4D 3B 48 6B 12 34 49 DD 69 10 BD 04 53 39 05 53 39 06 53 39 5D 03 6E 50 4D 03 11 4C 50 34 49 67 14 11 47 21 DD 69 10 BD 21 68 0E 3B 48 11 5C 69 DC 53 6B BC 51 73 DD 53 6B BD DD 53 6B BD DC 53 6B BC 35 68 0E 3B 48 10 01 10 02 00 12 DD DC 13 13 34 6A 13 11 17 0F DC 34 10 BC 52 68 12 04 13 34 11 52 || setup 09 01 1D 18 00 0A 05 48 05 00 00 00 0A 09 09 09 41 42 43 00 44 45 46 02 05 00 00 00 47 01 00 00 00 4A 01 00 00 00 00 4B 08 01 00 02 00 00 08 08 00 00 00 00 00 00 00 4E 50
hoistSharedHelpers+hoistProcs: steps=116 | 51 77 4D 03 11 4C 50 34 49 67 14 11 47 21 DD 69 10 BD 21 68 0E 3B 48 11 5C 32 DC 53 70 BC 51 36 DD 53 70 BD DD 53 70 BD DC 53 70 BC 35 68 0E 3B 48 10 01 10 02 00 12 DD DC 13 13 34 6A 13 11 17 0F DC 34 10 BC 52 68 12 04 13 34 11 52 02 05 40 60 50 3B 01 03 12 03 13 34 5E 92 07 4D 3B 48 6B 12 34 49 DD 69 10 BD 04 53 02 05 53 02 06 53 02 5D 80 6E 50 || setup 09 01 1D 18 00 0A 05 48 05 00 00 00 0A 09 09 09 41 42 43 00 44 45 46 02 05 00 00 00 47 01 00 00 00 4A 01 00 00 00 00 4B 08 01 00 02 00 00 08 08 00 00 00 00 00 00 00 4E 50
canonicalizeIfChains: steps=114 | 02 05 40 60 50 3B 01 03 12 03 13 34 5E 15 07 4D 3B 48 6B 12 34 49 DD 69 10 BD 04 53 39 05 53 39 06 53 39 5D 03 6E 50 4D 03 11 4C 50 34 49 67 14 11 47 21 DD 69 10 BD 21 68 0E 3B 48 11 5C 69 DC 53 6B BC 51 73 DD 53 6B BD DD 53 6B BD DC 53 6B BC 35 68 0E 3B 48 10 01 10 02 00 12 DD DC 13 13 34 6A 13 11 17 0F DC 34 10 BC 52 68 12 04 13 34 11 52 || setup 09 01 1D 18 00 0A 05 48 05 00 00 00 0A 09 09 09 41 42 43 00 44 45 46 02 05 00 00 00 47 01 00 00 00 4A 01 00 00 00 00 4B 08 01 00 02 00 00 08 08 00 00 00 00 00 00 00 4E 50
freeResidualDispatchScratch: steps=114 | 02 05 40 60 50 3B 01 03 12 03 13 34 5E 15 07 4D 3B 48 6B 12 34 49 DD 69 10 BD 04 53 39 05 53 39 06 53 39 5D 03 6E 50 4D 03 11 4C 50 34 49 67 14 11 47 21 DD 69 10 BD 21 68 0E 3B 48 11 5C 69 DC 53 6B BC 51 73 DD 53 6B BD DD 53 6B BD DC 53 6B BC 35 68 0E 3B 48 10 01 10 02 00 12 DD DC 13 13 34 6A 13 11 17 0F DC 34 10 BC 52 68 12 04 13 34 11 52 || setup 09 01 1D 18 00 0A 05 48 05 00 00 00 0A 09 09 09 41 42 43 00 44 45 46 02 05 00 00 00 47 01 00 00 00 4A 01 00 00 00 00 4B 08 01 00 02 00 00 08 08 00 00 00 00 00 00 00 4E 50
aliasXReuse: steps=114 | 02 05 40 60 50 3B 01 03 12 03 13 34 5E 15 07 4D 3B 48 6B 12 34 49 DD 69 10 BD 04 53 39 05 53 39 06 53 39 5D 03 6E 50 4D 03 11 4C 50 34 49 67 14 11 47 21 DD 69 10 BD 21 68 0E 3B 48 11 5C 69 DC 53 6B BC 51 73 DD 53 6B BD DD 53 6B BD DC 53 6B BC 35 68 0E 3B 48 10 01 10 02 00 12 DD DC 13 13 34 6A 13 11 17 0F DC 34 10 BC 52 68 12 04 13 34 11 52 || setup 09 01 1D 18 00 0A 05 48 05 00 00 00 0A 09 09 09 41 42 43 00 44 45 46 02 05 00 00 00 47 01 00 00 00 4A 01 00 00 00 00 4B 08 01 00 02 00 00 08 08 00 00 00 00 00 00 00 4E 50
coalesceCopies: steps=114 | 02 05 40 60 50 3B 01 03 12 03 13 34 5E 15 07 4D 3B 48 6B 12 34 49 DD 69 10 BD 04 53 39 05 53 39 06 53 39 5D 03 6E 50 4D 03 11 4C 50 34 49 67 14 11 47 21 DD 69 10 BD 21 68 0E 3B 48 11 5C 69 DC 53 6B BC 51 73 DD 53 6B BD DD 53 6B BD DC 53 6B BC 35 68 0E 3B 48 10 01 10 02 00 12 DD DC 13 13 34 6A 13 11 17 0F DC 34 10 BC 52 68 12 04 13 34 11 52 || setup 09 01 1D 18 00 0A 05 48 05 00 00 00 0A 09 09 09 41 42 43 00 44 45 46 02 05 00 00 00 47 01 00 00 00 4A 01 00 00 00 00 4B 08 01 00 02 00 00 08 08 00 00 00 00 00 00 00 4E 50
freeResidualDispatchScratch+canonicalizeIfChains: steps=114 | 02 05 40 60 50 3B 01 03 12 03 13 34 5E 15 07 4D 3B 48 6B 12 34 49 DD 69 10 BD 04 53 39 05 53 39 06 53 39 5D 03 6E 50 4D 03 11 4C 50 34 49 67 14 11 47 21 DD 69 10 BD 21 68 0E 3B 48 11 5C 69 DC 53 6B BC 51 73 DD 53 6B BD DD 53 6B BD DC 53 6B BC 35 68 0E 3B 48 10 01 10 02 00 12 DD DC 13 13 34 6A 13 11 17 0F DC 34 10 BC 52 68 12 04 13 34 11 52 || setup 09 01 1D 18 00 0A 05 48 05 00 00 00 0A 09 09 09 41 42 43 00 44 45 46 02 05 00 00 00 47 01 00 00 00 4A 01 00 00 00 00 4B 08 01 00 02 00 00 08 08 00 00 00 00 00 00 00 4E 50
repeatedUnaryUpdateArgTemp: steps=114 | 02 05 40 60 50 3B 01 03 12 03 13 34 5E 15 07 4D 3B 48 6B 12 34 49 DD 69 10 BD 04 53 39 05 53 39 06 53 39 5D 03 6E 50 4D 03 11 4C 50 34 49 67 14 11 47 21 DD 69 10 BD 21 68 0E 3B 48 11 5C 69 DC 53 6B BC 51 73 DD 53 6B BD DD 53 6B BD DC 53 6B BC 35 68 0E 3B 48 10 01 10 02 00 12 DD DC 13 13 34 6A 13 11 17 0F DC 34 10 BC 52 68 12 04 13 34 11 52 || setup 09 01 1D 18 00 0A 05 48 05 00 00 00 0A 09 09 09 41 42 43 00 44 45 46 02 05 00 00 00 47 01 00 00 00 4A 01 00 00 00 00 4B 08 01 00 02 00 00 08 08 00 00 00 00 00 00 00 4E 50
xParamValueFunction: steps=114 | 02 05 40 60 50 3B 01 03 12 03 13 34 5E 15 07 4D 3B 48 6B 12 34 49 DD 69 10 BD 04 53 39 05 53 39 06 53 39 5D 03 6E 50 4D 03 11 4C 50 34 49 67 14 11 47 21 DD 69 10 BD 21 68 0E 3B 48 11 5C 69 DC 53 6B BC 51 73 DD 53 6B BD DD 53 6B BD DC 53 6B BC 35 68 0E 3B 48 10 01 10 02 00 12 DD DC 13 13 34 6A 13 11 17 0F DC 34 10 BC 52 68 12 04 13 34 11 52 || setup 09 01 1D 18 00 0A 05 48 05 00 00 00 0A 09 09 09 41 42 43 00 44 45 46 02 05 00 00 00 47 01 00 00 00 4A 01 00 00 00 00 4B 08 01 00 02 00 00 08 08 00 00 00 00 00 00 00 4E 50
xParamValueFunction+repeatedUnaryUpdateArgTemp: steps=114 | 02 05 40 60 50 3B 01 03 12 03 13 34 5E 15 07 4D 3B 48 6B 12 34 49 DD 69 10 BD 04 53 39 05 53 39 06 53 39 5D 03 6E 50 4D 03 11 4C 50 34 49 67 14 11 47 21 DD 69 10 BD 21 68 0E 3B 48 11 5C 69 DC 53 6B BC 51 73 DD 53 6B BD DD 53 6B BD DC 53 6B BC 35 68 0E 3B 48 10 01 10 02 00 12 DD DC 13 13 34 6A 13 11 17 0F DC 34 10 BC 52 68 12 04 13 34 11 52 || setup 09 01 1D 18 00 0A 05 48 05 00 00 00 0A 09 09 09 41 42 43 00 44 45 46 02 05 00 00 00 47 01 00 00 00 4A 01 00 00 00 00 4B 08 01 00 02 00 00 08 08 00 00 00 00 00 00 00 4E 50
xParamValueFunction+repeatedUnaryUpdateArgTemp+coalesceCopies: steps=114 | 02 05 40 60 50 3B 01 03 12 03 13 34 5E 15 07 4D 3B 48 6B 12 34 49 DD 69 10 BD 04 53 39 05 53 39 06 53 39 5D 03 6E 50 4D 03 11 4C 50 34 49 67 14 11 47 21 DD 69 10 BD 21 68 0E 3B 48 11 5C 69 DC 53 6B BC 51 73 DD 53 6B BD DD 53 6B BD DC 53 6B BC 35 68 0E 3B 48 10 01 10 02 00 12 DD DC 13 13 34 6A 13 11 17 0F DC 34 10 BC 52 68 12 04 13 34 11 52 || setup 09 01 1D 18 00 0A 05 48 05 00 00 00 0A 09 09 09 41 42 43 00 44 45 46 02 05 00 00 00 47 01 00 00 00 4A 01 00 00 00 00 4B 08 01 00 02 00 00 08 08 00 00 00 00 00 00 00 4E 50
shareRandomCell: steps=114 | 02 05 40 60 50 3B 01 03 12 03 13 34 5E 15 07 4D 3B 48 6B 12 34 49 DD 69 10 BD 04 53 39 05 53 39 06 53 39 5D 03 6E 50 4D 03 11 4C 50 34 49 67 14 11 47 21 DD 69 10 BD 21 68 0E 3B 48 11 5C 69 DC 53 6B BC 51 73 DD 53 6B BD DD 53 6B BD DC 53 6B BC 35 68 0E 3B 48 10 01 10 02 00 12 DD DC 13 13 34 6A 13 11 17 0F DC 34 10 BC 52 68 12 04 13 34 11 52 || setup 09 01 1D 18 00 0A 05 48 05 00 00 00 0A 09 09 09 41 42 43 00 44 45 46 02 05 00 00 00 47 01 00 00 00 4A 01 00 00 00 00 4B 08 01 00 02 00 00 08 08 00 00 00 00 00 00 00 4E 50
shareRandomCell+hoistSharedHelpers: steps=114 | 02 05 40 60 50 3B 01 03 12 03 13 34 5E 15 07 4D 3B 48 6B 12 34 49 DD 69 10 BD 04 53 39 05 53 39 06 53 39 5D 03 6E 50 4D 03 11 4C 50 34 49 67 14 11 47 21 DD 69 10 BD 21 68 0E 3B 48 11 5C 69 DC 53 6B BC 51 73 DD 53 6B BD DD 53 6B BD DC 53 6B BC 35 68 0E 3B 48 10 01 10 02 00 12 DD DC 13 13 34 6A 13 11 17 0F DC 34 10 BC 52 68 12 04 13 34 11 52 || setup 09 01 1D 18 00 0A 05 48 05 00 00 00 0A 09 09 09 41 42 43 00 44 45 46 02 05 00 00 00 47 01 00 00 00 4A 01 00 00 00 00 4B 08 01 00 02 00 00 08 08 00 00 00 00 00 00 00 4E 50
tailBranchInversion: steps=114 | 02 05 40 60 50 3B 01 03 12 03 13 34 5E 15 07 4D 3B 48 6B 12 34 49 DD 69 10 BD 04 53 39 05 53 39 06 53 39 5D 03 6E 50 4D 03 11 4C 50 34 49 67 14 11 47 21 DD 69 10 BD 21 68 0E 3B 48 11 5C 69 DC 53 6B BC 51 73 DD 53 6B BD DD 53 6B BD DC 53 6B BC 35 68 0E 3B 48 10 01 10 02 00 12 DD DC 13 13 34 6A 13 11 17 0F DC 34 10 BC 52 68 12 04 13 34 11 52 || setup 09 01 1D 18 00 0A 05 48 05 00 00 00 0A 09 09 09 41 42 43 00 44 45 46 02 05 00 00 00 47 01 00 00 00 4A 01 00 00 00 00 4B 08 01 00 02 00 00 08 08 00 00 00 00 00 00 00 4E 50
hoistSharedHelpers+canonicalizeIfChains+tailBranchInversion: steps=114 | 02 05 40 60 50 3B 01 03 12 03 13 34 5E 15 07 4D 3B 48 6B 12 34 49 DD 69 10 BD 04 53 39 05 53 39 06 53 39 5D 03 6E 50 4D 03 11 4C 50 34 49 67 14 11 47 21 DD 69 10 BD 21 68 0E 3B 48 11 5C 69 DC 53 6B BC 51 73 DD 53 6B BD DD 53 6B BD DC 53 6B BC 35 68 0E 3B 48 10 01 10 02 00 12 DD DC 13 13 34 6A 13 11 17 0F DC 34 10 BC 52 68 12 04 13 34 11 52 || setup 09 01 1D 18 00 0A 05 48 05 00 00 00 0A 09 09 09 41 42 43 00 44 45 46 02 05 00 00 00 47 01 00 00 00 4A 01 00 00 00 00 4B 08 01 00 02 00 00 08 08 00 00 00 00 00 00 00 4E 50
guardedPrologueGadgets: steps=114 | 02 05 40 60 50 3B 01 03 12 03 13 34 5E 15 07 4D 3B 48 6B 12 34 49 DD 69 10 BD 04 53 39 05 53 39 06 53 39 5D 03 6E 50 4D 03 11 4C 50 34 49 67 14 11 47 21 DD 69 10 BD 21 68 0E 3B 48 11 5C 69 DC 53 6B BC 51 73 DD 53 6B BD DD 53 6B BD DC 53 6B BC 35 68 0E 3B 48 10 01 10 02 00 12 DD DC 13 13 34 6A 13 11 17 0F DC 34 10 BC 52 68 12 04 13 34 11 52 || setup 09 01 1D 18 00 0A 05 48 05 00 00 00 0A 09 09 09 41 42 43 00 44 45 46 02 05 00 00 00 47 01 00 00 00 4A 01 00 00 00 00 4B 08 01 00 02 00 00 08 08 00 00 00 00 00 00 00 4E 50
guardedPrologueGadgets+hoistSharedHelpers+hoistProcs: steps=116 | 51 77 4D 03 11 4C 50 34 49 67 14 11 47 21 DD 69 10 BD 21 68 0E 3B 48 11 5C 32 DC 53 70 BC 51 36 DD 53 70 BD DD 53 70 BD DC 53 70 BC 35 68 0E 3B 48 10 01 10 02 00 12 DD DC 13 13 34 6A 13 11 17 0F DC 34 10 BC 52 68 12 04 13 34 11 52 02 05 40 60 50 3B 01 03 12 03 13 34 5E 92 07 4D 3B 48 6B 12 34 49 DD 69 10 BD 04 53 02 05 53 02 06 53 02 5D 80 6E 50 || setup 09 01 1D 18 00 0A 05 48 05 00 00 00 0A 09 09 09 41 42 43 00 44 45 46 02 05 00 00 00 47 01 00 00 00 4A 01 00 00 00 00 4B 08 01 00 02 00 00 08 08 00 00 00 00 00 00 00 4E 50
sharedBitMaskHelperCalls: steps=114 | 02 05 40 60 50 3B 01 03 12 03 13 34 5E 15 07 4D 3B 48 6B 12 34 49 DD 69 10 BD 04 53 39 05 53 39 06 53 39 5D 03 6E 50 4D 03 11 4C 50 34 49 67 14 11 47 21 DD 69 10 BD 21 68 0E 3B 48 11 5C 69 DC 53 6B BC 51 73 DD 53 6B BD DD 53 6B BD DC 53 6B BC 35 68 0E 3B 48 10 01 10 02 00 12 DD DC 13 13 34 6A 13 11 17 0F DC 34 10 BC 52 68 12 04 13 34 11 52 || setup 09 01 1D 18 00 0A 05 48 05 00 00 00 0A 09 09 09 41 42 43 00 44 45 46 02 05 00 00 00 47 01 00 00 00 4A 01 00 00 00 00 4B 08 01 00 02 00 00 08 08 00 00 00 00 00 00 00 4E 50
sharedBitMaskHelperCalls+hoistSharedHelpers: steps=114 | 02 05 40 60 50 3B 01 03 12 03 13 34 5E 15 07 4D 3B 48 6B 12 34 49 DD 69 10 BD 04 53 39 05 53 39 06 53 39 5D 03 6E 50 4D 03 11 4C 50 34 49 67 14 11 47 21 DD 69 10 BD 21 68 0E 3B 48 11 5C 69 DC 53 6B BC 51 73 DD 53 6B BD DD 53 6B BD DC 53 6B BC 35 68 0E 3B 48 10 01 10 02 00 12 DD DC 13 13 34 6A 13 11 17 0F DC 34 10 BC 52 68 12 04 13 34 11 52 || setup 09 01 1D 18 00 0A 05 48 05 00 00 00 0A 09 09 09 41 42 43 00 44 45 46 02 05 00 00 00 47 01 00 00 00 4A 01 00 00 00 00 4B 08 01 00 02 00 00 08 08 00 00 00 00 00 00 00 4E 50
