primary: steps=71 | 53 63 50 5C 15 62 01 11 0B 59 63 6C 50 51 63 45 61 08 65 04 13 35 04 12 02 24 6A 10 34 65 04 13 34 01 10 15 13 10 37 35 32 57 00 3A 61 37 41 63 01 11 43 0B 59 60 6D 3A 0B 50 51 00 50 51 00 3B 6B 12 0E 35 11 50 52 || setup 42 43 09 01 1D 18 00 40 44 01 49 02 48 04 47 02 15 4B 01 03 01 03 09 05 04 05 4D 03 03 03 03 03 03 03 01 4C 00 0A 05 4A 3B 09 09 09 12 0E 35 11 41 50
aggressiveTerminalDirect: steps=71 | 53 63 50 5C 15 62 01 11 0B 59 63 6C 50 51 63 45 61 08 65 04 13 35 04 12 02 24 6A 10 34 65 04 13 34 01 10 15 13 10 37 35 32 57 00 3A 61 37 41 63 01 11 43 0B 59 60 6D 3A 0B 50 51 00 50 51 00 3B 6B 12 0E 35 11 50 52 || setup 42 43 09 01 1D 18 00 40 44 01 49 02 48 04 47 02 15 4B 01 03 01 03 09 05 04 05 4D 03 03 03 03 03 03 03 01 4C 00 0A 05 4A 3B 09 09 09 12 0E 35 11 41 50
invertBranchOrder: steps=71 | 53 63 50 5C 15 62 01 11 0B 59 63 6C 50 51 63 45 61 08 65 04 13 35 04 12 02 24 6A 10 34 65 04 13 34 01 10 15 13 10 37 35 32 57 00 3A 61 37 41 63 01 11 43 0B 5C 57 50 51 00 6D 3A 0B 50 51 00 3B 6B 12 0E 35 11 50 52 || setup 42 43 09 01 1D 18 00 40 44 01 49 02 48 04 47 02 15 4B 01 03 01 03 09 05 04 05 4D 03 03 03 03 03 03 03 01 4C 00 0A 05 4A 3B 09 09 09 12 0E 35 11 41 50
aggressiveTerminalDirect+invertBranchOrder: steps=71 | 53 63 50 5C 15 62 01 11 0B 59 63 6C 50 51 63 45 61 08 65 04 13 35 04 12 02 24 6A 10 34 65 04 13 34 01 10 15 13 10 37 35 32 57 00 3A 61 37 41 63 01 11 43 0B 5C 57 50 51 00 6D 3A 0B 50 51 00 3B 6B 12 0E 35 11 50 52 || setup 42 43 09 01 1D 18 00 40 44 01 49 02 48 04 47 02 15 4B 01 03 01 03 09 05 04 05 4D 03 03 03 03 03 03 03 01 4C 00 0A 05 4A 3B 09 09 09 12 0E 35 11 41 50
hoistSharedHelpers: steps=71 | 53 63 50 5C 15 62 01 11 0B 59 63 6C 50 51 63 45 61 08 65 04 13 35 04 12 02 24 6A 10 34 65 04 13 34 01 10 15 13 10 37 35 32 57 00 3A 61 37 41 63 01 11 43 0B 59 60 6D 3A 0B 50 51 00 50 51 00 3B 6B 12 0E 35 11 50 52 || setup 42 43 09 01 1D 18 00 40 44 01 49 02 48 04 47 02 15 4B 01 03 01 03 09 05 04 05 4D 03 03 03 03 03 03 03 01 4C 00 0A 05 4A 3B 09 09 09 12 0E 35 11 41 50
hoistSharedHelpers+hoistProcs: steps=75 | 51 10 3B 6B 12 0E 35 11 50 52 53 02 50 5C 27 62 01 11 0B 59 23 6C 50 53 02 51 10 45 61 08 65 04 13 35 04 12 02 24 6A 10 34 65 04 13 34 01 10 15 13 10 37 35 32 57 10 3A 61 37 41 63 01 11 43 0B 59 72 6D 3A 0B 50 51 10 50 51 10 || setup 42 43 09 01 1D 18 00 40 44 01 49 02 48 04 47 02 15 4B 01 03 01 03 09 05 04 05 4D 03 03 03 03 03 03 03 01 4C 00 0A 05 4A 3B 09 09 09 12 0E 35 11 41 50
canonicalizeIfChains: steps=71 | 53 63 50 5C 15 62 01 11 0B 59 63 6C 50 51 63 45 61 08 65 04 13 35 04 12 02 24 6A 10 34 65 04 13 34 01 10 15 13 10 37 35 32 57 00 3A 61 37 41 63 01 11 43 0B 59 60 6D 3A 0B 50 51 00 50 51 00 3B 6B 12 0E 35 11 50 52 || setup 42 43 09 01 1D 18 00 40 44 01 49 02 48 04 47 02 15 4B 01 03 01 03 09 05 04 05 4D 03 03 03 03 03 03 03 01 4C 00 0A 05 4A 3B 09 09 09 12 0E 35 11 41 50
freeResidualDispatchScratch: steps=71 | 53 63 50 5C 15 62 01 11 0B 59 63 6C 50 51 63 45 61 08 65 04 13 35 04 12 02 24 6A 10 34 65 04 13 34 01 10 15 13 10 37 35 32 57 00 3A 61 37 41 63 01 11 43 0B 59 60 6D 3A 0B 50 51 00 50 51 00 3B 6B 12 0E 35 11 50 52 || setup 42 43 09 01 1D 18 00 40 44 01 49 02 48 04 47 02 15 4B 01 03 01 03 09 05 04 05 4D 03 03 03 03 03 03 03 01 4C 00 0A 05 4A 3B 09 09 09 12 0E 35 11 41 50
aliasXReuse: steps=71 | 53 63 50 5C 15 62 01 11 0B 59 63 6C 50 51 63 45 61 08 65 04 13 35 04 12 02 24 6A 10 34 65 04 13 34 01 10 15 13 10 37 35 32 57 00 3A 61 37 41 63 01 11 43 0B 59 60 6D 3A 0B 50 51 00 50 51 00 3B 6B 12 0E 35 11 50 52 || setup 42 43 09 01 1D 18 00 40 44 01 49 02 48 04 47 02 15 4B 01 03 01 03 09 05 04 05 4D 03 03 03 03 03 03 03 01 4C 00 0A 05 4A 3B 09 09 09 12 0E 35 11 41 50
coalesceCopies: steps=71 | 53 63 50 5C 15 62 01 11 0B 59 63 6C 50 51 63 45 61 08 65 04 13 35 04 12 02 24 6A 10 34 65 04 13 34 01 10 15 13 10 37 35 32 57 00 3A 61 37 41 63 01 11 43 0B 59 60 6D 3A 0B 50 51 00 50 51 00 3B 6B 12 0E 35 11 50 52 || setup 42 43 09 01 1D 18 00 40 44 01 49 02 48 04 47 02 15 4B 01 03 01 03 09 05 04 05 4D 03 03 03 03 03 03 03 01 4C 00 0A 05 4A 3B 09 09 09 12 0E 35 11 41 50
freeResidualDispatchScratch+canonicalizeIfChains: steps=71 | 53 63 50 5C 15 62 01 11 0B 59 63 6C 50 51 63 45 61 08 65 04 13 35 04 12 02 24 6A 10 34 65 04 13 34 01 10 15 13 10 37 35 32 57 00 3A 61 37 41 63 01 11 43 0B 59 60 6D 3A 0B 50 51 00 50 51 00 3B 6B 12 0E 35 11 50 52 || setup 42 43 09 01 1D 18 00 40 44 01 49 02 48 04 47 02 15 4B 01 03 01 03 09 05 04 05 4D 03 03 03 03 03 03 03 01 4C 00 0A 05 4A 3B 09 09 09 12 0E 35 11 41 50
repeatedUnaryUpdateArgTemp: steps=71 | 53 63 50 5C 15 62 01 11 0B 59 63 6C 50 51 63 45 61 08 65 04 13 35 04 12 02 24 6A 10 34 65 04 13 34 01 10 15 13 10 37 35 32 57 00 3A 61 37 41 63 01 11 43 0B 59 60 6D 3A 0B 50 51 00 50 51 00 3B 6B 12 0E 35 11 50 52 || setup 42 43 09 01 1D 18 00 40 44 01 49 02 48 04 47 02 15 4B 01 03 01 03 09 05 04 05 4D 03 03 03 03 03 03 03 01 4C 00 0A 05 4A 3B 09 09 09 12 0E 35 11 41 50
xParamValueFunction: steps=71 | 53 63 50 5C 15 62 01 11 0B 59 63 6C 50 51 63 45 61 08 65 04 13 35 04 12 02 24 6A 10 34 65 04 13 34 01 10 15 13 10 37 35 32 57 00 3A 61 37 41 63 01 11 43 0B 59 60 6D 3A 0B 50 51 00 50 51 00 3B 6B 12 0E 35 11 50 52 || setup 42 43 09 01 1D 18 00 40 44 01 49 02 48 04 47 02 15 4B 01 03 01 03 09 05 04 05 4D 03 03 03 03 03 03 03 01 4C 00 0A 05 4A 3B 09 09 09 12 0E 35 11 41 50
xParamValueFunction+repeatedUnaryUpdateArgTemp: steps=71 | 53 63 50 5C 15 62 01 11 0B 59 63 6C 50 51 63 45 61 08 65 04 13 35 04 12 02 24 6A 10 34 65 04 13 34 01 10 15 13 10 37 35 32 57 00 3A 61 37 41 63 01 11 43 0B 59 60 6D 3A 0B 50 51 00 50 51 00 3B 6B 12 0E 35 11 50 52 || setup 42 43 09 01 1D 18 00 40 44 01 49 02 48 04 47 02 15 4B 01 03 01 03 09 05 04 05 4D 03 03 03 03 03 03 03 01 4C 00 0A 05 4A 3B 09 09 09 12 0E 35 11 41 50
xParamValueFunction+repeatedUnaryUpdateArgTemp+coalesceCopies: steps=71 | 53 63 50 5C 15 62 01 11 0B 59 63 6C 50 51 63 45 61 08 65 04 13 35 04 12 02 24 6A 10 34 65 04 13 34 01 10 15 13 10 37 35 32 57 00 3A 61 37 41 63 01 11 43 0B 59 60 6D 3A 0B 50 51 00 50 51 00 3B 6B 12 0E 35 11 50 52 || setup 42 43 09 01 1D 18 00 40 44 01 49 02 48 04 47 02 15 4B 01 03 01 03 09 05 04 05 4D 03 03 03 03 03 03 03 01 4C 00 0A 05 4A 3B 09 09 09 12 0E 35 11 41 50
shareRandomCell: steps=71 | 53 63 50 5C 15 62 01 11 0B 59 63 6C 50 51 63 45 61 08 65 04 13 35 04 12 02 24 6A 10 34 65 04 13 34 01 10 15 13 10 37 35 32 57 00 3A 61 37 41 63 01 11 43 0B 59 60 6D 3A 0B 50 51 00 50 51 00 3B 6B 12 0E 35 11 50 52 || setup 42 43 09 01 1D 18 00 40 44 01 49 02 48 04 47 02 15 4B 01 03 01 03 09 05 04 05 4D 03 03 03 03 03 03 03 01 4C 00 0A 05 4A 3B 09 09 09 12 0E 35 11 41 50
shareRandomCell+hoistSharedHelpers: steps=71 | 53 63 50 5C 15 62 01 11 0B 59 63 6C 50 51 63 45 61 08 65 04 13 35 04 12 02 24 6A 10 34 65 04 13 34 01 10 15 13 10 37 35 32 57 00 3A 61 37 41 63 01 11 43 0B 59 60 6D 3A 0B 50 51 00 50 51 00 3B 6B 12 0E 35 11 50 52 || setup 42 43 09 01 1D 18 00 40 44 01 49 02 48 04 47 02 15 4B 01 03 01 03 09 05 04 05 4D 03 03 03 03 03 03 03 01 4C 00 0A 05 4A 3B 09 09 09 12 0E 35 11 41 50
tailBranchInversion: steps=71 | 53 63 50 5C 15 62 01 11 0B 59 63 6C 50 51 63 45 61 08 65 04 13 35 04 12 02 24 6A 10 34 65 04 13 34 01 10 15 13 10 37 35 32 57 00 3A 61 37 41 63 01 11 43 0B 59 60 6D 3A 0B 50 51 00 50 51 00 3B 6B 12 0E 35 11 50 52 || setup 42 43 09 01 1D 18 00 40 44 01 49 02 48 04 47 02 15 4B 01 03 01 03 09 05 04 05 4D 03 03 03 03 03 03 03 01 4C 00 0A 05 4A 3B 09 09 09 12 0E 35 11 41 50
hoistSharedHelpers+canonicalizeIfChains+tailBranchInversion: steps=71 | 53 63 50 5C 15 62 01 11 0B 59 63 6C 50 51 63 45 61 08 65 04 13 35 04 12 02 24 6A 10 34 65 04 13 34 01 10 15 13 10 37 35 32 57 00 3A 61 37 41 63 01 11 43 0B 59 60 6D 3A 0B 50 51 00 50 51 00 3B 6B 12 0E 35 11 50 52 || setup 42 43 09 01 1D 18 00 40 44 01 49 02 48 04 47 02 15 4B 01 03 01 03 09 05 04 05 4D 03 03 03 03 03 03 03 01 4C 00 0A 05 4A 3B 09 09 09 12 0E 35 11 41 50
guardedPrologueGadgets: steps=71 | 53 63 50 5C 15 62 01 11 0B 59 63 6C 50 51 63 45 61 08 65 04 13 35 04 12 02 24 6A 10 34 65 04 13 34 01 10 15 13 10 37 35 32 57 00 3A 61 37 41 63 01 11 43 0B 59 60 6D 3A 0B 50 51 00 50 51 00 3B 6B 12 0E 35 11 50 52 || setup 42 43 09 01 1D 18 00 40 44 01 49 02 48 04 47 02 15 4B 01 03 01 03 09 05 04 05 4D 03 03 03 03 03 03 03 01 4C 00 0A 05 4A 3B 09 09 09 12 0E 35 11 41 50
guardedPrologueGadgets+hoistSharedHelpers+hoistProcs: steps=75 | 51 10 3B 6B 12 0E 35 11 50 52 53 02 50 5C 27 62 01 11 0B 59 23 6C 50 53 02 51 10 45 61 08 65 04 13 35 04 12 02 24 6A 10 34 65 04 13 34 01 10 15 13 10 37 35 32 57 10 3A 61 37 41 63 01 11 43 0B 59 72 6D 3A 0B 50 51 10 50 51 10 || setup 42 43 09 01 1D 18 00 40 44 01 49 02 48 04 47 02 15 4B 01 03 01 03 09 05 04 05 4D 03 03 03 03 03 03 03 01 4C 00 0A 05 4A 3B 09 09 09 12 0E 35 11 41 50
sharedBitMaskHelperCalls: steps=71 | 53 63 50 5C 15 62 01 11 0B 59 63 6C 50 51 63 45 61 08 65 04 13 35 04 12 02 24 6A 10 34 65 04 13 34 01 10 15 13 10 37 35 32 57 00 3A 61 37 41 63 01 11 43 0B 59 60 6D 3A 0B 50 51 00 50 51 00 3B 6B 12 0E 35 11 50 52 || setup 42 43 09 01 1D 18 00 40 44 01 49 02 48 04 47 02 15 4B 01 03 01 03 09 05 04 05 4D 03 03 03 03 03 03 03 01 4C 00 0A 05 4A 3B 09 09 09 12 0E 35 11 41 50
sharedBitMaskHelperCalls+hoistSharedHelpers: steps=71 | 53 63 50 5C 15 62 01 11 0B 59 63 6C 50 51 63 45 61 08 65 04 13 35 04 12 02 24 6A 10 34 65 04 13 34 01 10 15 13 10 37 35 32 57 00 3A 61 37 41 63 01 11 43 0B 59 60 6D 3A 0B 50 51 00 50 51 00 3B 6B 12 0E 35 11 50 52 || setup 42 43 09 01 1D 18 00 40 44 01 49 02 48 04 47 02 15 4B 01 03 01 03 09 05 04 05 4D 03 03 03 03 03 03 03 01 4C 00 0A 05 4A 3B 09 09 09 12 0E 35 11 41 50
