primary: steps=106 | 05 45 63 AA 64 AA 36 59 11 08 45 61 AA 62 AA 36 59 20 00 45 68 AA 59 26 03 45 60 6D 13 66 10 50 65 50 47 59 42 AA 99 67 51 96 60 01 11 40 67 68 10 5E 53 6E 50 60 7B 3B 6C 12 0E 35 11 01 10 48 66 11 E9 29 66 68 11 7B 66 61 11 66 62 11 12 7B 66 63 11 66 64 11 12 E9 3B 6C 12 0E 35 11 01 10 46 51 68 66 11 31 01 14 11 52 || setup 01 46 01 00 4D 02 00 4C 07 07 07 4E 00 47 45 49 09 09 4A 06 07 4B 05 40 3B 6C 12 0E 35 11 01 10 B0 60 01 11 5E 24 05 40 3B 6C 12 0E 35 11 01 10 48 50
aggressiveTerminalDirect: steps=107 | 05 45 63 AA 64 AA 36 59 11 08 45 61 AA 62 AA 36 59 20 00 45 68 AA 59 26 03 45 60 6D 13 66 10 50 65 50 47 59 42 AA 99 67 51 97 60 01 11 40 67 68 10 5E 53 6E 50 60 7B 3B 6C 12 0E 35 11 01 10 48 66 11 7B 89 29 66 68 11 7B 66 61 11 66 62 11 12 7B 66 63 11 66 64 11 12 E9 3B 6C 12 0E 35 11 01 10 46 51 69 66 11 31 01 14 11 52 || setup 01 46 01 00 4D 02 00 4C 07 07 07 4E 00 47 45 49 6D 22 4A 06 08 4B 05 40 3B 6C 12 0E 35 11 01 10 B0 60 01 11 5E 24 05 40 3B 6C 12 0E 35 11 01 10 48 50
invertBranchOrder: steps=106 | 05 45 63 AA 64 AA 36 59 11 08 45 61 AA 62 AA 36 59 20 00 45 68 AA 59 26 03 45 60 6D 13 66 10 50 65 50 47 59 42 AA 99 67 51 96 60 01 11 40 67 68 10 5E 53 6E 50 60 7B 3B 6C 12 0E 35 11 01 10 48 66 11 E9 29 66 68 11 7B 66 61 11 66 62 11 12 7B 66 63 11 66 64 11 12 E9 3B 6C 12 0E 35 11 01 10 46 51 68 66 11 31 01 14 11 52 || setup 01 46 01 00 4D 02 00 4C 07 07 07 4E 00 47 45 49 09 09 4A 06 07 4B 05 40 3B 6C 12 0E 35 11 01 10 B0 60 01 11 5E 24 05 40 3B 6C 12 0E 35 11 01 10 48 50
aggressiveTerminalDirect+invertBranchOrder: steps=107 | 05 45 63 AA 64 AA 36 59 11 08 45 61 AA 62 AA 36 59 20 00 45 68 AA 59 26 03 45 60 6D 13 66 10 50 65 50 47 59 42 AA 99 67 51 97 60 01 11 40 67 68 10 5E 53 6E 50 60 7B 3B 6C 12 0E 35 11 01 10 48 66 11 7B 89 29 66 68 11 7B 66 61 11 66 62 11 12 7B 66 63 11 66 64 11 12 E9 3B 6C 12 0E 35 11 01 10 46 51 69 66 11 31 01 14 11 52 || setup 01 46 01 00 4D 02 00 4C 07 07 07 4E 00 47 45 49 6D 22 4A 06 08 4B 05 40 3B 6C 12 0E 35 11 01 10 B0 60 01 11 5E 24 05 40 3B 6C 12 0E 35 11 01 10 48 50
hoistSharedHelpers: steps=109 | 8A 66 11 31 01 14 11 52 05 45 63 02 49 A9 64 A9 36 59 21 08 45 61 A9 62 A9 36 59 30 00 45 68 A9 59 36 03 45 60 6D 13 66 10 50 65 50 47 59 52 A9 9A 67 51 6A 60 01 11 40 67 68 10 5E 63 6E 50 60 7B 3B 6C 12 0E 35 11 01 10 48 66 11 EA 29 66 68 11 7B 66 61 11 66 62 11 12 7B 66 63 11 66 64 11 12 EA 3B 6C 12 0E 35 11 01 10 46 51 78 || setup 01 46 00 47 45 01 00 4D 02 00 4C 07 07 07 4E 08 4A 07 07 4B 05 40 3B 6C 12 0E 35 11 01 10 B0 60 01 11 5E 22 05 40 3B 6C 12 0E 35 11 01 10 48 50
hoistSharedHelpers+hoistProcs: steps=110 | 8B 66 11 31 01 14 11 52 29 66 68 11 7A 66 61 11 66 62 11 12 7A 66 63 11 66 64 11 12 EB 3B 6C 12 0E 35 11 01 10 46 51 09 05 45 63 02 49 A9 64 A9 36 59 53 08 45 61 A9 62 A9 36 59 62 00 45 68 A9 59 68 03 45 60 6D 13 66 10 50 65 50 47 59 84 A9 9B 67 51 37 60 01 11 40 67 68 10 5E 95 6E 50 60 7A 3B 6C 12 0E 35 11 01 10 48 66 11 EB 8A || setup 01 46 00 47 45 01 00 4D 02 00 4C 07 07 07 4E 08 4A 04 00 4B 05 40 3B 6C 12 0E 35 11 01 10 B0 60 01 11 5E 22 05 40 3B 6C 12 0E 35 11 01 10 48 50
canonicalizeIfChains: steps=106 | 05 45 63 AA 64 AA 36 59 11 08 45 61 AA 62 AA 36 59 20 00 45 68 AA 59 26 03 45 60 6D 13 66 10 50 65 50 47 59 42 AA 99 67 51 96 60 01 11 40 67 68 10 5E 53 6E 50 60 7B 3B 6C 12 0E 35 11 01 10 48 66 11 E9 29 66 68 11 7B 66 61 11 66 62 11 12 7B 66 63 11 66 64 11 12 E9 3B 6C 12 0E 35 11 01 10 46 51 68 66 11 31 01 14 11 52 || setup 01 46 01 00 4D 02 00 4C 07 07 07 4E 00 47 45 49 09 09 4A 06 07 4B 05 40 3B 6C 12 0E 35 11 01 10 B0 60 01 11 5E 24 05 40 3B 6C 12 0E 35 11 01 10 48 50
freeResidualDispatchScratch: steps=106 | 05 45 63 AA 64 AA 36 59 11 08 45 61 AA 62 AA 36 59 20 00 45 68 AA 59 26 03 45 60 6D 13 66 10 50 65 50 47 59 42 AA 99 67 51 96 60 01 11 40 67 68 10 5E 53 6E 50 60 7B 3B 6C 12 0E 35 11 01 10 48 66 11 E9 29 66 68 11 7B 66 61 11 66 62 11 12 7B 66 63 11 66 64 11 12 E9 3B 6C 12 0E 35 11 01 10 46 51 68 66 11 31 01 14 11 52 || setup 01 46 01 00 4D 02 00 4C 07 07 07 4E 00 47 45 49 09 09 4A 06 07 4B 05 40 3B 6C 12 0E 35 11 01 10 B0 60 01 11 5E 24 05 40 3B 6C 12 0E 35 11 01 10 48 50
aliasXReuse: steps=106 | 05 45 63 AA 64 AA 36 59 11 08 45 61 AA 62 AA 36 59 20 00 45 68 AA 59 26 03 45 60 6D 13 66 10 50 65 50 47 59 42 AA 99 67 51 96 60 01 11 40 67 68 10 5E 53 6E 50 60 7B 3B 6C 12 0E 35 11 01 10 48 66 11 E9 29 66 68 11 7B 66 61 11 66 62 11 12 7B 66 63 11 66 64 11 12 E9 3B 6C 12 0E 35 11 01 10 46 51 68 66 11 31 01 14 11 52 || setup 01 46 01 00 4D 02 00 4C 07 07 07 4E 00 47 45 49 09 09 4A 06 07 4B 05 40 3B 6C 12 0E 35 11 01 10 B0 60 01 11 5E 24 05 40 3B 6C 12 0E 35 11 01 10 48 50
coalesceCopies: steps=106 | 05 45 63 AA 64 AA 36 59 11 08 45 61 AA 62 AA 36 59 20 00 45 68 AA 59 26 03 45 60 6D 13 66 10 50 65 50 47 59 42 AA 99 67 51 96 60 01 11 40 67 68 10 5E 53 6E 50 60 7B 3B 6C 12 0E 35 11 01 10 48 66 11 E9 29 66 68 11 7B 66 61 11 66 62 11 12 7B 66 63 11 66 64 11 12 E9 3B 6C 12 0E 35 11 01 10 46 51 68 66 11 31 01 14 11 52 || setup 01 46 01 00 4D 02 00 4C 07 07 07 4E 00 47 45 49 09 09 4A 06 07 4B 05 40 3B 6C 12 0E 35 11 01 10 B0 60 01 11 5E 24 05 40 3B 6C 12 0E 35 11 01 10 48 50
freeResidualDispatchScratch+canonicalizeIfChains: steps=106 | 05 45 63 AA 64 AA 36 59 11 08 45 61 AA 62 AA 36 59 20 00 45 68 AA 59 26 03 45 60 6D 13 66 10 50 65 50 47 59 42 AA 99 67 51 96 60 01 11 40 67 68 10 5E 53 6E 50 60 7B 3B 6C 12 0E 35 11 01 10 48 66 11 E9 29 66 68 11 7B 66 61 11 66 62 11 12 7B 66 63 11 66 64 11 12 E9 3B 6C 12 0E 35 11 01 10 46 51 68 66 11 31 01 14 11 52 || setup 01 46 01 00 4D 02 00 4C 07 07 07 4E 00 47 45 49 09 09 4A 06 07 4B 05 40 3B 6C 12 0E 35 11 01 10 B0 60 01 11 5E 24 05 40 3B 6C 12 0E 35 11 01 10 48 50
repeatedUnaryUpdateArgTemp: steps=106 | 05 45 63 AA 64 AA 36 59 11 08 45 61 AA 62 AA 36 59 20 00 45 68 AA 59 26 03 45 60 6D 13 66 10 50 65 50 47 59 42 AA 99 67 51 96 60 01 11 40 67 68 10 5E 53 6E 50 60 7B 3B 6C 12 0E 35 11 01 10 48 66 11 E9 29 66 68 11 7B 66 61 11 66 62 11 12 7B 66 63 11 66 64 11 12 E9 3B 6C 12 0E 35 11 01 10 46 51 68 66 11 31 01 14 11 52 || setup 01 46 01 00 4D 02 00 4C 07 07 07 4E 00 47 45 49 09 09 4A 06 07 4B 05 40 3B 6C 12 0E 35 11 01 10 B0 60 01 11 5E 24 05 40 3B 6C 12 0E 35 11 01 10 48 50
xParamValueFunction: steps=106 | 05 45 63 AA 64 AA 36 59 11 08 45 61 AA 62 AA 36 59 20 00 45 68 AA 59 26 03 45 60 6D 13 66 10 50 65 50 47 59 42 AA 99 67 51 96 60 01 11 40 67 68 10 5E 53 6E 50 60 7B 3B 6C 12 0E 35 11 01 10 48 66 11 E9 29 66 68 11 7B 66 61 11 66 62 11 12 7B 66 63 11 66 64 11 12 E9 3B 6C 12 0E 35 11 01 10 46 51 68 66 11 31 01 14 11 52 || setup 01 46 01 00 4D 02 00 4C 07 07 07 4E 00 47 45 49 09 09 4A 06 07 4B 05 40 3B 6C 12 0E 35 11 01 10 B0 60 01 11 5E 24 05 40 3B 6C 12 0E 35 11 01 10 48 50
xParamValueFunction+repeatedUnaryUpdateArgTemp: steps=106 | 05 45 63 AA 64 AA 36 59 11 08 45 61 AA 62 AA 36 59 20 00 45 68 AA 59 26 03 45 60 6D 13 66 10 50 65 50 47 59 42 AA 99 67 51 96 60 01 11 40 67 68 10 5E 53 6E 50 60 7B 3B 6C 12 0E 35 11 01 10 48 66 11 E9 29 66 68 11 7B 66 61 11 66 62 11 12 7B 66 63 11 66 64 11 12 E9 3B 6C 12 0E 35 11 01 10 46 51 68 66 11 31 01 14 11 52 || setup 01 46 01 00 4D 02 00 4C 07 07 07 4E 00 47 45 49 09 09 4A 06 07 4B 05 40 3B 6C 12 0E 35 11 01 10 B0 60 01 11 5E 24 05 40 3B 6C 12 0E 35 11 01 10 48 50
xParamValueFunction+repeatedUnaryUpdateArgTemp+coalesceCopies: steps=106 | 05 45 63 AA 64 AA 36 59 11 08 45 61 AA 62 AA 36 59 20 00 45 68 AA 59 26 03 45 60 6D 13 66 10 50 65 50 47 59 42 AA 99 67 51 96 60 01 11 40 67 68 10 5E 53 6E 50 60 7B 3B 6C 12 0E 35 11 01 10 48 66 11 E9 29 66 68 11 7B 66 61 11 66 62 11 12 7B 66 63 11 66 64 11 12 E9 3B 6C 12 0E 35 11 01 10 46 51 68 66 11 31 01 14 11 52 || setup 01 46 01 00 4D 02 00 4C 07 07 07 4E 00 47 45 49 09 09 4A 06 07 4B 05 40 3B 6C 12 0E 35 11 01 10 B0 60 01 11 5E 24 05 40 3B 6C 12 0E 35 11 01 10 48 50
shareRandomCell: steps=103 | 05 45 63 A9 64 A9 36 59 11 08 45 61 A9 62 A9 36 59 20 00 45 68 A9 59 26 03 45 60 6D 13 66 10 50 65 50 47 59 42 A9 9A 67 51 84 60 01 11 40 67 68 10 5E 53 6E 50 60 7B 53 87 48 66 11 EA 29 66 68 11 7B 66 61 11 66 62 11 12 7B 66 63 11 66 64 11 12 EA 53 87 46 51 62 3B 6C 12 0E 35 11 01 10 52 66 11 31 01 14 11 52 || setup 01 46 01 00 4D 02 00 4C 07 07 07 4E 09 06 49 00 47 45 4A 06 01 4B 05 40 3B 6C 12 0E 35 11 01 10 B0 60 01 11 5E 24 05 40 3B 6C 12 0E 35 11 01 10 48 50
shareRandomCell+hoistSharedHelpers: steps=108 | 8A 3B 6C 12 0E 35 11 01 10 52 66 11 31 01 14 11 52 05 45 63 01 01 49 A9 64 A9 36 59 31 08 45 61 A9 62 A9 36 59 40 00 45 68 A9 59 46 03 45 60 6D 13 66 10 50 65 50 47 59 62 A9 9A 67 51 69 60 01 11 40 67 68 10 5E 73 6E 50 60 57 81 AB 48 66 11 EA 29 66 68 11 57 81 66 61 11 66 62 11 12 57 81 66 63 11 66 64 11 12 EA AB 46 51 82 || setup 00 47 45 01 00 4D 02 00 4C 07 07 07 4E 01 07 4A 01 46 4B 05 40 3B 6C 12 0E 35 11 01 10 B0 60 01 11 5E 21 05 40 3B 6C 12 0E 35 11 01 10 48 50
tailBranchInversion: steps=107 | 05 45 63 AA 64 AA 36 59 11 08 45 61 AA 62 AA 36 59 20 00 45 68 AA 59 26 03 45 60 6D 13 66 10 50 65 50 47 59 42 AA 99 67 51 97 60 01 11 40 67 68 10 5E 53 6E 50 60 7B 3B 6C 12 0E 35 11 01 10 48 66 11 7B 89 29 66 68 11 7B 66 61 11 66 62 11 12 7B 66 63 11 66 64 11 12 E9 3B 6C 12 0E 35 11 01 10 46 51 69 66 11 31 01 14 11 52 || setup 01 46 01 00 4D 02 00 4C 07 07 07 4E 00 47 45 49 6D 22 4A 06 08 4B 05 40 3B 6C 12 0E 35 11 01 10 B0 60 01 11 5E 24 05 40 3B 6C 12 0E 35 11 01 10 48 50
hoistSharedHelpers+canonicalizeIfChains+tailBranchInversion: steps=110 | 8A 66 11 31 01 14 11 52 05 45 63 02 49 A9 64 A9 36 59 21 08 45 61 A9 62 A9 36 59 30 00 45 68 A9 59 36 03 45 60 6D 13 66 10 50 65 50 47 59 52 A9 9A 67 51 6B 60 01 11 40 67 68 10 5E 63 6E 50 60 7B 3B 6C 12 0E 35 11 01 10 48 66 11 7B 8A 29 66 68 11 7B 66 61 11 66 62 11 12 7B 66 63 11 66 64 11 12 EA 3B 6C 12 0E 35 11 01 10 46 51 79 || setup 01 46 00 47 45 01 00 4D 02 00 4C 07 07 07 4E 08 4A 07 08 4B 05 40 3B 6C 12 0E 35 11 01 10 B0 60 01 11 5E 22 05 40 3B 6C 12 0E 35 11 01 10 48 50
guardedPrologueGadgets: steps=106 | 05 45 63 AA 64 AA 36 59 11 08 45 61 AA 62 AA 36 59 20 00 45 68 AA 59 26 03 45 60 6D 13 66 10 50 65 50 47 59 42 AA 99 67 51 96 60 01 11 40 67 68 10 5E 53 6E 50 60 7B 3B 6C 12 0E 35 11 01 10 48 66 11 E9 29 66 68 11 7B 66 61 11 66 62 11 12 7B 66 63 11 66 64 11 12 E9 3B 6C 12 0E 35 11 01 10 46 51 68 66 11 31 01 14 11 52 || setup 01 46 01 00 4D 02 00 4C 07 07 07 4E 00 47 45 49 09 09 4A 06 07 4B 05 40 3B 6C 12 0E 35 11 01 10 B0 60 01 11 5E 24 05 40 3B 6C 12 0E 35 11 01 10 48 50
guardedPrologueGadgets+hoistSharedHelpers+hoistProcs: steps=110 | 8B 66 11 31 01 14 11 52 29 66 68 11 7A 66 61 11 66 62 11 12 7A 66 63 11 66 64 11 12 EB 3B 6C 12 0E 35 11 01 10 46 51 09 05 45 63 02 49 A9 64 A9 36 59 53 08 45 61 A9 62 A9 36 59 62 00 45 68 A9 59 68 03 45 60 6D 13 66 10 50 65 50 47 59 84 A9 9B 67 51 37 60 01 11 40 67 68 10 5E 95 6E 50 60 7A 3B 6C 12 0E 35 11 01 10 48 66 11 EB 8A || setup 01 46 00 47 45 01 00 4D 02 00 4C 07 07 07 4E 08 4A 04 00 4B 05 40 3B 6C 12 0E 35 11 01 10 B0 60 01 11 5E 22 05 40 3B 6C 12 0E 35 11 01 10 48 50
sharedBitMaskHelperCalls: steps=106 | 05 45 63 AA 64 AA 36 59 11 08 45 61 AA 62 AA 36 59 20 00 45 68 AA 59 26 03 45 60 6D 13 66 10 50 65 50 47 59 42 AA 99 67 51 96 60 01 11 40 67 68 10 5E 53 6E 50 60 7B 3B 6C 12 0E 35 11 01 10 48 66 11 E9 29 66 68 11 7B 66 61 11 66 62 11 12 7B 66 63 11 66 64 11 12 E9 3B 6C 12 0E 35 11 01 10 46 51 68 66 11 31 01 14 11 52 || setup 01 46 01 00 4D 02 00 4C 07 07 07 4E 00 47 45 49 09 09 4A 06 07 4B 05 40 3B 6C 12 0E 35 11 01 10 B0 60 01 11 5E 24 05 40 3B 6C 12 0E 35 11 01 10 48 50
sharedBitMaskHelperCalls+hoistSharedHelpers: steps=109 | 8A 66 11 31 01 14 11 52 05 45 63 02 49 A9 64 A9 36 59 21 08 45 61 A9 62 A9 36 59 30 00 45 68 A9 59 36 03 45 60 6D 13 66 10 50 65 50 47 59 52 A9 9A 67 51 6A 60 01 11 40 67 68 10 5E 63 6E 50 60 7B 3B 6C 12 0E 35 11 01 10 48 66 11 EA 29 66 68 11 7B 66 61 11 66 62 11 12 7B 66 63 11 66 64 11 12 EA 3B 6C 12 0E 35 11 01 10 46 51 78 || setup 01 46 00 47 45 01 00 4D 02 00 4C 07 07 07 4E 08 4A 07 07 4B 05 40 3B 6C 12 0E 35 11 01 10 B0 60 01 11 5E 22 05 40 3B 6C 12 0E 35 11 01 10 48 50
