00: 62 61 50 41 42 A8 42 61
08: A8 41 69 53 8A 38 49 11
16: 5E 47 6A 41 51 00 6D 63
24: 53 8A 69 38 49 01 51 98
32: 0A 50 34 04 13 35 04 12
40: 59 44 5E 46 04 10 52 32
48: 53 98 04 42 04 41 69 53
56: 8A 37 5E 72 53 73 60 36
64: 40 11 5E 72 61 4D 62 43
72: 5B 54 58 52 60 5C 22 00
80: 50 6D 01 11 4D 14 15 60
88: 12 DD 10 BD 68 37 35 5E
96: 32 52 40 08 4D 61 AE 62
A4: AE 61 62 10 A8 AE 61 62
>70: 11 A8 8E 67 61 53 93 66
>78: 62 53 86 65 61 62 10 53
>80: 85 64 61 62 11 A8 53 93
>88: 10 52 61 15 62 6C 12 15
>90: 34 10 52 15 13 35 6B 11
>98: 22 52
