primary: steps=143 | 62 50 41 42 69 53 86 38 49 11 5E 14 51 00 32 53 78 04 42 04 41 69 53 86 37 5E 39 53 99 60 36 40 11 5E 39 61 4D 62 43 5B 21 58 19 60 5C 48 00 50 6D 41 63 42 53 86 69 38 49 01 53 78 51 00 4D 14 15 60 12 DD 10 BD 6A 37 35 5E 76 52 0A 50 40 61 07 AE 62 06 AE 61 62 10 53 7C 05 AE 61 62 11 53 7C 04 8E 67 61 53 74 66 62 53 74 62 53 70 62 0B 61 10 53 7C 15 13 35 6B 11 22 10 52 03 10 04 13 35 04 12 01 10 52 61 15 62 6C 12 15 34 10 52
aggressiveTerminalDirect: steps=143 | 62 50 41 42 69 53 86 38 49 11 5E 14 51 00 32 53 78 04 42 04 41 69 53 86 37 5E 39 53 99 60 36 40 11 5E 39 61 4D 62 43 5B 21 58 19 60 5C 48 00 50 6D 41 63 42 53 86 69 38 49 01 53 78 51 00 4D 14 15 60 12 DD 10 BD 6A 37 35 5E 76 52 0A 50 40 61 07 AE 62 06 AE 61 62 10 53 7C 05 AE 61 62 11 53 7C 04 8E 67 61 53 74 66 62 53 74 62 53 70 62 0B 61 10 53 7C 15 13 35 6B 11 22 10 52 03 10 04 13 35 04 12 01 10 52 61 15 62 6C 12 15 34 10 52
invertBranchOrder: steps=143 | 62 50 41 42 69 53 86 38 49 11 5E 14 51 00 32 53 78 04 42 04 41 69 53 86 37 5E 39 53 99 60 36 40 11 5E 39 61 4D 62 43 5B 21 58 19 60 5C 48 00 50 6D 41 63 42 53 86 69 38 49 01 53 78 51 00 4D 14 15 60 12 DD 10 BD 6A 37 35 5E 76 52 0A 50 40 61 07 AE 62 06 AE 61 62 10 53 7C 05 AE 61 62 11 53 7C 04 8E 67 61 53 74 66 62 53 74 62 53 70 62 0B 61 10 53 7C 15 13 35 6B 11 22 10 52 03 10 04 13 35 04 12 01 10 52 61 15 62 6C 12 15 34 10 52
aggressiveTerminalDirect+invertBranchOrder: steps=143 | 62 50 41 42 69 53 86 38 49 11 5E 14 51 00 32 53 78 04 42 04 41 69 53 86 37 5E 39 53 99 60 36 40 11 5E 39 61 4D 62 43 5B 21 58 19 60 5C 48 00 50 6D 41 63 42 53 86 69 38 49 01 53 78 51 00 4D 14 15 60 12 DD 10 BD 6A 37 35 5E 76 52 0A 50 40 61 07 AE 62 06 AE 61 62 10 53 7C 05 AE 61 62 11 53 7C 04 8E 67 61 53 74 66 62 53 74 62 53 70 62 0B 61 10 53 7C 15 13 35 6B 11 22 10 52 03 10 04 13 35 04 12 01 10 52 61 15 62 6C 12 15 34 10 52
hoistSharedHelpers: steps=145 | 51 11 61 15 62 6C 12 15 34 10 52 62 50 41 42 69 53 02 38 49 11 5E 25 51 11 32 53 89 04 42 04 41 69 53 02 37 5E 50 53 6E 60 36 40 11 5E 50 61 4D 62 43 5B 32 58 30 60 5C 59 00 50 6D 41 63 42 53 02 69 38 49 01 53 89 51 11 4D 14 15 60 12 DD 10 BD 6A 37 35 5E 87 52 0A 50 40 61 07 AE 62 06 AE 61 62 10 53 87 05 AE 61 62 11 53 87 04 8E 67 61 53 7F 66 62 53 7F 62 53 7B 62 0B 61 10 53 87 15 13 35 6B 11 22 10 52 03 10 04 13 35 04 12 01 10 52
hoistSharedHelpers+hoistProcs: steps=145 | 51 83 61 15 62 6C 12 15 34 10 52 4D 14 15 60 12 DD 10 BD 6A 37 35 5E 25 52 0A 50 40 61 07 AE 62 06 AE 61 62 10 53 73 05 AE 61 62 11 53 73 04 8E 67 61 53 65 66 62 53 65 62 53 61 62 0B 61 10 53 73 15 13 35 6B 11 22 10 52 03 10 04 13 35 04 12 01 10 52 62 50 41 42 69 53 02 38 49 11 5E 97 51 83 32 53 27 04 42 04 41 69 53 02 37 5E 7A 53 48 60 36 40 11 5E 7A 61 4D 62 43 5B A4 58 A2 60 5C 83 00 50 6D 41 63 42 53 02 69 38 49 01 53 27 51 83
canonicalizeIfChains: steps=143 | 62 50 41 42 69 53 86 38 49 11 5E 14 51 00 32 53 78 04 42 04 41 69 53 86 37 5E 39 53 99 60 36 40 11 5E 39 61 4D 62 43 5B 21 58 19 60 5C 48 00 50 6D 41 63 42 53 86 69 38 49 01 53 78 51 00 4D 14 15 60 12 DD 10 BD 6A 37 35 5E 76 52 0A 50 40 61 07 AE 62 06 AE 61 62 10 53 7C 05 AE 61 62 11 53 7C 04 8E 67 61 53 74 66 62 53 74 62 53 70 62 0B 61 10 53 7C 15 13 35 6B 11 22 10 52 03 10 04 13 35 04 12 01 10 52 61 15 62 6C 12 15 34 10 52
freeResidualDispatchScratch: steps=143 | 62 50 41 42 69 53 86 38 49 11 5E 14 51 00 32 53 78 04 42 04 41 69 53 86 37 5E 39 53 99 60 36 40 11 5E 39 61 4D 62 43 5B 21 58 19 60 5C 48 00 50 6D 41 63 42 53 86 69 38 49 01 53 78 51 00 4D 14 15 60 12 DD 10 BD 6A 37 35 5E 76 52 0A 50 40 61 07 AE 62 06 AE 61 62 10 53 7C 05 AE 61 62 11 53 7C 04 8E 67 61 53 74 66 62 53 74 62 53 70 62 0B 61 10 53 7C 15 13 35 6B 11 22 10 52 03 10 04 13 35 04 12 01 10 52 61 15 62 6C 12 15 34 10 52
aliasXReuse: steps=143 | 62 50 41 42 69 53 86 38 49 11 5E 14 51 00 32 53 78 04 42 04 41 69 53 86 37 5E 39 53 99 60 36 40 11 5E 39 61 4D 62 43 5B 21 58 19 60 5C 48 00 50 6D 41 63 42 53 86 69 38 49 01 53 78 51 00 4D 14 15 60 12 DD 10 BD 6A 37 35 5E 76 52 0A 50 40 61 07 AE 62 06 AE 61 62 10 53 7C 05 AE 61 62 11 53 7C 04 8E 67 61 53 74 66 62 53 74 62 53 70 62 0B 61 10 53 7C 15 13 35 6B 11 22 10 52 03 10 04 13 35 04 12 01 10 52 61 15 62 6C 12 15 34 10 52
coalesceCopies: steps=143 | 62 50 41 42 69 53 86 38 49 11 5E 14 51 00 32 53 78 04 42 04 41 69 53 86 37 5E 39 53 99 60 36 40 11 5E 39 61 4D 62 43 5B 21 58 19 60 5C 48 00 50 6D 41 63 42 53 86 69 38 49 01 53 78 51 00 4D 14 15 60 12 DD 10 BD 6A 37 35 5E 76 52 0A 50 40 61 07 AE 62 06 AE 61 62 10 53 7C 05 AE 61 62 11 53 7C 04 8E 67 61 53 74 66 62 53 74 62 53 70 62 0B 61 10 53 7C 15 13 35 6B 11 22 10 52 03 10 04 13 35 04 12 01 10 52 61 15 62 6C 12 15 34 10 52
freeResidualDispatchScratch+canonicalizeIfChains: steps=143 | 62 50 41 42 69 53 86 38 49 11 5E 14 51 00 32 53 78 04 42 04 41 69 53 86 37 5E 39 53 99 60 36 40 11 5E 39 61 4D 62 43 5B 21 58 19 60 5C 48 00 50 6D 41 63 42 53 86 69 38 49 01 53 78 51 00 4D 14 15 60 12 DD 10 BD 6A 37 35 5E 76 52 0A 50 40 61 07 AE 62 06 AE 61 62 10 53 7C 05 AE 61 62 11 53 7C 04 8E 67 61 53 74 66 62 53 74 62 53 70 62 0B 61 10 53 7C 15 13 35 6B 11 22 10 52 03 10 04 13 35 04 12 01 10 52 61 15 62 6C 12 15 34 10 52
repeatedUnaryUpdateArgTemp: steps=143 | 62 50 41 42 69 53 86 38 49 11 5E 14 51 00 32 53 78 04 42 04 41 69 53 86 37 5E 39 53 99 60 36 40 11 5E 39 61 4D 62 43 5B 21 58 19 60 5C 48 00 50 6D 41 63 42 53 86 69 38 49 01 53 78 51 00 4D 14 15 60 12 DD 10 BD 6A 37 35 5E 76 52 0A 50 40 61 07 AE 62 06 AE 61 62 10 53 7C 05 AE 61 62 11 53 7C 04 8E 67 61 53 74 66 62 53 74 62 53 70 62 0B 61 10 53 7C 15 13 35 6B 11 22 10 52 03 10 04 13 35 04 12 01 10 52 61 15 62 6C 12 15 34 10 52
xParamValueFunction: steps=143 | 62 50 41 42 69 53 86 38 49 11 5E 14 51 00 32 53 78 04 42 04 41 69 53 86 37 5E 39 53 99 60 36 40 11 5E 39 61 4D 62 43 5B 21 58 19 60 5C 48 00 50 6D 41 63 42 53 86 69 38 49 01 53 78 51 00 4D 14 15 60 12 DD 10 BD 6A 37 35 5E 76 52 0A 50 40 61 07 AE 62 06 AE 61 62 10 53 7C 05 AE 61 62 11 53 7C 04 8E 67 61 53 74 66 62 53 74 62 53 70 62 0B 61 10 53 7C 15 13 35 6B 11 22 10 52 03 10 04 13 35 04 12 01 10 52 61 15 62 6C 12 15 34 10 52
xParamValueFunction+repeatedUnaryUpdateArgTemp: steps=143 | 62 50 41 42 69 53 86 38 49 11 5E 14 51 00 32 53 78 04 42 04 41 69 53 86 37 5E 39 53 99 60 36 40 11 5E 39 61 4D 62 43 5B 21 58 19 60 5C 48 00 50 6D 41 63 42 53 86 69 38 49 01 53 78 51 00 4D 14 15 60 12 DD 10 BD 6A 37 35 5E 76 52 0A 50 40 61 07 AE 62 06 AE 61 62 10 53 7C 05 AE 61 62 11 53 7C 04 8E 67 61 53 74 66 62 53 74 62 53 70 62 0B 61 10 53 7C 15 13 35 6B 11 22 10 52 03 10 04 13 35 04 12 01 10 52 61 15 62 6C 12 15 34 10 52
xParamValueFunction+repeatedUnaryUpdateArgTemp+coalesceCopies: steps=143 | 62 50 41 42 69 53 86 38 49 11 5E 14 51 00 32 53 78 04 42 04 41 69 53 86 37 5E 39 53 99 60 36 40 11 5E 39 61 4D 62 43 5B 21 58 19 60 5C 48 00 50 6D 41 63 42 53 86 69 38 49 01 53 78 51 00 4D 14 15 60 12 DD 10 BD 6A 37 35 5E 76 52 0A 50 40 61 07 AE 62 06 AE 61 62 10 53 7C 05 AE 61 62 11 53 7C 04 8E 67 61 53 74 66 62 53 74 62 53 70 62 0B 61 10 53 7C 15 13 35 6B 11 22 10 52 03 10 04 13 35 04 12 01 10 52 61 15 62 6C 12 15 34 10 52
shareRandomCell: steps=143 | 62 50 41 42 69 53 86 38 49 11 5E 14 51 00 32 53 78 04 42 04 41 69 53 86 37 5E 39 53 99 60 36 40 11 5E 39 61 4D 62 43 5B 21 58 19 60 5C 48 00 50 6D 41 63 42 53 86 69 38 49 01 53 78 51 00 4D 14 15 60 12 DD 10 BD 6A 37 35 5E 76 52 0A 50 40 61 07 AE 62 06 AE 61 62 10 53 7C 05 AE 61 62 11 53 7C 04 8E 67 61 53 74 66 62 53 74 62 53 70 62 0B 61 10 53 7C 15 13 35 6B 11 22 10 52 03 10 04 13 35 04 12 01 10 52 61 15 62 6C 12 15 34 10 52
shareRandomCell+hoistSharedHelpers: steps=145 | 51 11 61 15 62 6C 12 15 34 10 52 62 50 41 42 69 53 02 38 49 11 5E 25 51 11 32 53 89 04 42 04 41 69 53 02 37 5E 50 53 6E 60 36 40 11 5E 50 61 4D 62 43 5B 32 58 30 60 5C 59 00 50 6D 41 63 42 53 02 69 38 49 01 53 89 51 11 4D 14 15 60 12 DD 10 BD 6A 37 35 5E 87 52 0A 50 40 61 07 AE 62 06 AE 61 62 10 53 87 05 AE 61 62 11 53 87 04 8E 67 61 53 7F 66 62 53 7F 62 53 7B 62 0B 61 10 53 87 15 13 35 6B 11 22 10 52 03 10 04 13 35 04 12 01 10 52
tailBranchInversion: steps=141 | 62 50 41 42 69 53 84 38 49 11 57 00 32 53 76 04 42 04 41 69 53 84 37 5E 37 53 97 60 36 40 11 5E 37 61 4D 62 43 5B 19 58 17 60 5C 46 00 50 6D 41 63 42 53 84 69 38 49 01 53 76 51 00 4D 14 15 60 12 DD 10 BD 6A 37 35 5E 74 52 0A 50 40 61 07 AE 62 06 AE 61 62 10 53 7A 05 AE 61 62 11 53 7A 04 8E 67 61 53 72 66 62 53 72 62 53 6E 62 0B 61 10 53 7A 15 13 35 6B 11 22 10 52 03 10 04 13 35 04 12 01 10 52 61 15 62 6C 12 15 34 10 52
hoistSharedHelpers+canonicalizeIfChains+tailBranchInversion: steps=143 | 51 11 61 15 62 6C 12 15 34 10 52 62 50 41 42 69 53 02 38 49 11 57 11 32 53 87 04 42 04 41 69 53 02 37 5E 48 53 6C 60 36 40 11 5E 48 61 4D 62 43 5B 30 58 28 60 5C 57 00 50 6D 41 63 42 53 02 69 38 49 01 53 87 51 11 4D 14 15 60 12 DD 10 BD 6A 37 35 5E 85 52 0A 50 40 61 07 AE 62 06 AE 61 62 10 53 85 05 AE 61 62 11 53 85 04 8E 67 61 53 7D 66 62 53 7D 62 53 79 62 0B 61 10 53 85 15 13 35 6B 11 22 10 52 03 10 04 13 35 04 12 01 10 52
guardedPrologueGadgets: steps=143 | 62 50 41 42 69 53 86 38 49 11 5E 14 51 00 32 53 78 04 42 04 41 69 53 86 37 5E 39 53 99 60 36 40 11 5E 39 61 4D 62 43 5B 21 58 19 60 5C 48 00 50 6D 41 63 42 53 86 69 38 49 01 53 78 51 00 4D 14 15 60 12 DD 10 BD 6A 37 35 5E 76 52 0A 50 40 61 07 AE 62 06 AE 61 62 10 53 7C 05 AE 61 62 11 53 7C 04 8E 67 61 53 74 66 62 53 74 62 53 70 62 0B 61 10 53 7C 15 13 35 6B 11 22 10 52 03 10 04 13 35 04 12 01 10 52 61 15 62 6C 12 15 34 10 52
guardedPrologueGadgets+hoistSharedHelpers+hoistProcs: steps=145 | 51 83 61 15 62 6C 12 15 34 10 52 4D 14 15 60 12 DD 10 BD 6A 37 35 5E 25 52 0A 50 40 61 07 AE 62 06 AE 61 62 10 53 73 05 AE 61 62 11 53 73 04 8E 67 61 53 65 66 62 53 65 62 53 61 62 0B 61 10 53 73 15 13 35 6B 11 22 10 52 03 10 04 13 35 04 12 01 10 52 62 50 41 42 69 53 02 38 49 11 5E 97 51 83 32 53 27 04 42 04 41 69 53 02 37 5E 7A 53 48 60 36 40 11 5E 7A 61 4D 62 43 5B A4 58 A2 60 5C 83 00 50 6D 41 63 42 53 02 69 38 49 01 53 27 51 83
sharedBitMaskHelperCalls: steps=143 | 62 50 41 42 69 53 86 38 49 11 5E 14 51 00 32 53 78 04 42 04 41 69 53 86 37 5E 39 53 99 60 36 40 11 5E 39 61 4D 62 43 5B 21 58 19 60 5C 48 00 50 6D 41 63 42 53 86 69 38 49 01 53 78 51 00 4D 14 15 60 12 DD 10 BD 6A 37 35 5E 76 52 0A 50 40 61 07 AE 62 06 AE 61 62 10 53 7C 05 AE 61 62 11 53 7C 04 8E 67 61 53 74 66 62 53 74 62 53 70 62 0B 61 10 53 7C 15 13 35 6B 11 22 10 52 03 10 04 13 35 04 12 01 10 52 61 15 62 6C 12 15 34 10 52
sharedBitMaskHelperCalls+hoistSharedHelpers: steps=145 | 51 11 61 15 62 6C 12 15 34 10 52 62 50 41 42 69 53 02 38 49 11 5E 25 51 11 32 53 89 04 42 04 41 69 53 02 37 5E 50 53 6E 60 36 40 11 5E 50 61 4D 62 43 5B 32 58 30 60 5C 59 00 50 6D 41 63 42 53 02 69 38 49 01 53 89 51 11 4D 14 15 60 12 DD 10 BD 6A 37 35 5E 87 52 0A 50 40 61 07 AE 62 06 AE 61 62 10 53 87 05 AE 61 62 11 53 87 04 8E 67 61 53 7F 66 62 53 7F 62 53 7B 62 0B 61 10 53 87 15 13 35 6B 11 22 10 52 03 10 04 13 35 04 12 01 10 52
