primary: steps=108 | 6E 3A 50 EA A8 62 65 11 42 8B AC 60 64 15 13 35 6D 12 34 41 08 11 5E 29 62 07 11 42 8B 61 57 81 63 61 50 61 11 5E 76 61 01 11 5E 51 A8 62 65 10 42 51 65 66 61 10 02 11 46 04 62 10 A9 5E 65 AC D6 60 61 64 01 11 15 12 11 40 51 81 62 A9 5E 81 AC D4 62 0B 97 66 29 87 D5 04 11 5E 95 01 45 52 61 11 42 61 07 11 52 62 01 11 42 52 || setup 09 01 1D 18 01 44 45 04 00 42 00 46 41 47 07 00 00 00 00 00 00 08 43 01 00 4D 4A 01 01 09 05 01 02 00 03 4E 08 08 48 09 06 49 08 02 4B 01 00 03 4C 3B 09 09 09 09 09 09 09 09 09 12 0E 35 11 01 10 40 50
aggressiveTerminalDirect: steps=108 | 6E 3A 50 EA A8 62 65 11 42 8B AC 60 64 15 13 35 6D 12 34 41 08 11 5E 29 62 07 11 42 8B 61 57 81 63 61 50 61 11 5E 76 61 01 11 5E 51 A8 62 65 10 42 51 65 66 61 10 02 11 46 04 62 10 A9 5E 65 AC D6 60 61 64 01 11 15 12 11 40 51 81 62 A9 5E 81 AC D4 62 0B 97 66 29 87 D5 04 11 5E 95 01 45 52 61 11 42 61 07 11 52 62 01 11 42 52 || setup 09 01 1D 18 01 44 45 04 00 42 00 46 41 47 07 00 00 00 00 00 00 08 43 01 00 4D 4A 01 01 09 05 01 02 00 03 4E 08 08 48 09 06 49 08 02 4B 01 00 03 4C 3B 09 09 09 09 09 09 09 09 09 12 0E 35 11 01 10 40 50
invertBranchOrder: steps=107 | 6E 3A 50 57 76 AB 60 64 15 13 35 6D 12 34 41 08 11 57 71 61 57 69 63 61 50 61 11 5E 64 61 01 11 57 48 66 61 10 02 11 46 04 62 10 A8 E9 AB D6 89 AA 62 65 10 42 60 61 64 01 11 15 12 11 40 51 69 62 A8 5E 69 AB D4 8C 62 07 11 42 8C AA 62 65 11 42 62 0B 97 66 29 87 D5 04 11 5E 94 01 45 52 61 11 42 61 07 11 52 62 01 11 42 52 || setup 09 01 1D 18 01 44 45 04 00 42 00 46 41 47 07 00 00 00 00 00 00 08 43 01 00 4D 01 01 09 05 01 02 00 03 4E 09 05 48 05 03 49 08 07 4A 01 00 02 4B 08 01 4C 3B 09 09 09 09 09 09 09 09 09 12 0E 35 11 01 10 40 50
aggressiveTerminalDirect+invertBranchOrder: steps=107 | 6E 3A 50 57 76 AB 60 64 15 13 35 6D 12 34 41 08 11 57 71 61 57 69 63 61 50 61 11 5E 64 61 01 11 57 48 66 61 10 02 11 46 04 62 10 A8 E9 AB D6 89 AA 62 65 10 42 60 61 64 01 11 15 12 11 40 51 69 62 A8 5E 69 AB D4 8C 62 07 11 42 8C AA 62 65 11 42 62 0B 97 66 29 87 D5 04 11 5E 94 01 45 52 61 11 42 61 07 11 52 62 01 11 42 52 || setup 09 01 1D 18 01 44 45 04 00 42 00 46 41 47 07 00 00 00 00 00 00 08 43 01 00 4D 01 01 09 05 01 02 00 03 4E 09 05 48 05 03 49 08 07 4A 01 00 02 4B 08 01 4C 3B 09 09 09 09 09 09 09 09 09 12 0E 35 11 01 10 40 50
hoistSharedHelpers: steps=108 | 6E 3A 50 EA A8 62 65 11 42 8B AC 60 64 15 13 35 6D 12 34 41 08 11 5E 29 62 07 11 42 8B 61 57 81 63 61 50 61 11 5E 76 61 01 11 5E 51 A8 62 65 10 42 51 65 66 61 10 02 11 46 04 62 10 A9 5E 65 AC D6 60 61 64 01 11 15 12 11 40 51 81 62 A9 5E 81 AC D4 62 0B 97 66 29 87 D5 04 11 5E 95 01 45 52 61 11 42 61 07 11 52 62 01 11 42 52 || setup 09 01 1D 18 01 44 45 04 00 42 00 46 41 47 07 00 00 00 00 00 00 08 43 01 00 4D 4A 01 01 09 05 01 02 00 03 4E 08 08 48 09 06 49 08 02 4B 01 00 03 4C 3B 09 09 09 09 09 09 09 09 09 12 0E 35 11 01 10 40 50
hoistSharedHelpers+hoistProcs: steps=113 | 88 D5 04 11 EB 01 45 52 6E 3A 50 EC A7 62 65 11 42 51 95 53 6C 60 64 15 13 35 6D 12 34 41 08 11 5E 40 62 07 11 42 51 95 61 57 94 63 61 50 61 11 5E 88 61 01 11 5E 62 A7 62 65 10 42 51 77 66 61 10 02 11 46 04 62 10 A9 5E 77 53 6C D6 60 61 64 01 11 15 12 11 40 51 94 62 A9 5E 94 53 6C D4 62 0B 98 66 29 88 61 11 42 61 07 11 52 62 01 11 42 52 || setup 09 01 1D 18 01 44 45 47 04 00 42 00 46 41 07 00 00 00 00 00 00 08 43 01 00 4D 01 01 09 05 01 02 00 03 4E 08 48 01 00 01 49 07 4B 01 09 4C 3B 09 09 09 09 09 09 09 09 09 12 0E 35 11 01 10 40 50
canonicalizeIfChains: steps=108 | 6E 3A 50 EA A8 62 65 11 42 8B AC 60 64 15 13 35 6D 12 34 41 08 11 5E 29 62 07 11 42 8B 61 57 81 63 61 50 61 11 5E 76 61 01 11 5E 51 A8 62 65 10 42 51 65 66 61 10 02 11 46 04 62 10 A9 5E 65 AC D6 60 61 64 01 11 15 12 11 40 51 81 62 A9 5E 81 AC D4 62 0B 97 66 29 87 D5 04 11 5E 95 01 45 52 61 11 42 61 07 11 52 62 01 11 42 52 || setup 09 01 1D 18 01 44 45 04 00 42 00 46 41 47 07 00 00 00 00 00 00 08 43 01 00 4D 4A 01 01 09 05 01 02 00 03 4E 08 08 48 09 06 49 08 02 4B 01 00 03 4C 3B 09 09 09 09 09 09 09 09 09 12 0E 35 11 01 10 40 50
freeResidualDispatchScratch: steps=108 | 6E 3A 50 EA A8 62 65 11 42 8B AC 60 64 15 13 35 6D 12 34 41 08 11 5E 29 62 07 11 42 8B 61 57 81 63 61 50 61 11 5E 76 61 01 11 5E 51 A8 62 65 10 42 51 65 66 61 10 02 11 46 04 62 10 A9 5E 65 AC D6 60 61 64 01 11 15 12 11 40 51 81 62 A9 5E 81 AC D4 62 0B 97 66 29 87 D5 04 11 5E 95 01 45 52 61 11 42 61 07 11 52 62 01 11 42 52 || setup 09 01 1D 18 01 44 45 04 00 42 00 46 41 47 07 00 00 00 00 00 00 08 43 01 00 4D 4A 01 01 09 05 01 02 00 03 4E 08 08 48 09 06 49 08 02 4B 01 00 03 4C 3B 09 09 09 09 09 09 09 09 09 12 0E 35 11 01 10 40 50
aliasXReuse: steps=108 | 6E 3A 50 EA A8 62 65 11 42 8B AC 60 64 15 13 35 6D 12 34 41 08 11 5E 29 62 07 11 42 8B 61 57 81 63 61 50 61 11 5E 76 61 01 11 5E 51 A8 62 65 10 42 51 65 66 61 10 02 11 46 04 62 10 A9 5E 65 AC D6 60 61 64 01 11 15 12 11 40 51 81 62 A9 5E 81 AC D4 62 0B 97 66 29 87 D5 04 11 5E 95 01 45 52 61 11 42 61 07 11 52 62 01 11 42 52 || setup 09 01 1D 18 01 44 45 04 00 42 00 46 41 47 07 00 00 00 00 00 00 08 43 01 00 4D 4A 01 01 09 05 01 02 00 03 4E 08 08 48 09 06 49 08 02 4B 01 00 03 4C 3B 09 09 09 09 09 09 09 09 09 12 0E 35 11 01 10 40 50
coalesceCopies: steps=108 | 6E 3A 50 EA A8 62 65 11 42 8B AC 60 64 15 13 35 6D 12 34 41 08 11 5E 29 62 07 11 42 8B 61 57 81 63 61 50 61 11 5E 76 61 01 11 5E 51 A8 62 65 10 42 51 65 66 61 10 02 11 46 04 62 10 A9 5E 65 AC D6 60 61 64 01 11 15 12 11 40 51 81 62 A9 5E 81 AC D4 62 0B 97 66 29 87 D5 04 11 5E 95 01 45 52 61 11 42 61 07 11 52 62 01 11 42 52 || setup 09 01 1D 18 01 44 45 04 00 42 00 46 41 47 07 00 00 00 00 00 00 08 43 01 00 4D 4A 01 01 09 05 01 02 00 03 4E 08 08 48 09 06 49 08 02 4B 01 00 03 4C 3B 09 09 09 09 09 09 09 09 09 12 0E 35 11 01 10 40 50
freeResidualDispatchScratch+canonicalizeIfChains: steps=108 | 6E 3A 50 EA A8 62 65 11 42 8B AC 60 64 15 13 35 6D 12 34 41 08 11 5E 29 62 07 11 42 8B 61 57 81 63 61 50 61 11 5E 76 61 01 11 5E 51 A8 62 65 10 42 51 65 66 61 10 02 11 46 04 62 10 A9 5E 65 AC D6 60 61 64 01 11 15 12 11 40 51 81 62 A9 5E 81 AC D4 62 0B 97 66 29 87 D5 04 11 5E 95 01 45 52 61 11 42 61 07 11 52 62 01 11 42 52 || setup 09 01 1D 18 01 44 45 04 00 42 00 46 41 47 07 00 00 00 00 00 00 08 43 01 00 4D 4A 01 01 09 05 01 02 00 03 4E 08 08 48 09 06 49 08 02 4B 01 00 03 4C 3B 09 09 09 09 09 09 09 09 09 12 0E 35 11 01 10 40 50
repeatedUnaryUpdateArgTemp: steps=108 | 6E 3A 50 EA A8 62 65 11 42 8B AC 60 64 15 13 35 6D 12 34 41 08 11 5E 29 62 07 11 42 8B 61 57 81 63 61 50 61 11 5E 76 61 01 11 5E 51 A8 62 65 10 42 51 65 66 61 10 02 11 46 04 62 10 A9 5E 65 AC D6 60 61 64 01 11 15 12 11 40 51 81 62 A9 5E 81 AC D4 62 0B 97 66 29 87 D5 04 11 5E 95 01 45 52 61 11 42 61 07 11 52 62 01 11 42 52 || setup 09 01 1D 18 01 44 45 04 00 42 00 46 41 47 07 00 00 00 00 00 00 08 43 01 00 4D 4A 01 01 09 05 01 02 00 03 4E 08 08 48 09 06 49 08 02 4B 01 00 03 4C 3B 09 09 09 09 09 09 09 09 09 12 0E 35 11 01 10 40 50
xParamValueFunction: steps=108 | 6E 3A 50 EA A8 62 65 11 42 8B AC 60 64 15 13 35 6D 12 34 41 08 11 5E 29 62 07 11 42 8B 61 57 81 63 61 50 61 11 5E 76 61 01 11 5E 51 A8 62 65 10 42 51 65 66 61 10 02 11 46 04 62 10 A9 5E 65 AC D6 60 61 64 01 11 15 12 11 40 51 81 62 A9 5E 81 AC D4 62 0B 97 66 29 87 D5 04 11 5E 95 01 45 52 61 11 42 61 07 11 52 62 01 11 42 52 || setup 09 01 1D 18 01 44 45 04 00 42 00 46 41 47 07 00 00 00 00 00 00 08 43 01 00 4D 4A 01 01 09 05 01 02 00 03 4E 08 08 48 09 06 49 08 02 4B 01 00 03 4C 3B 09 09 09 09 09 09 09 09 09 12 0E 35 11 01 10 40 50
xParamValueFunction+repeatedUnaryUpdateArgTemp: steps=108 | 6E 3A 50 EA A8 62 65 11 42 8B AC 60 64 15 13 35 6D 12 34 41 08 11 5E 29 62 07 11 42 8B 61 57 81 63 61 50 61 11 5E 76 61 01 11 5E 51 A8 62 65 10 42 51 65 66 61 10 02 11 46 04 62 10 A9 5E 65 AC D6 60 61 64 01 11 15 12 11 40 51 81 62 A9 5E 81 AC D4 62 0B 97 66 29 87 D5 04 11 5E 95 01 45 52 61 11 42 61 07 11 52 62 01 11 42 52 || setup 09 01 1D 18 01 44 45 04 00 42 00 46 41 47 07 00 00 00 00 00 00 08 43 01 00 4D 4A 01 01 09 05 01 02 00 03 4E 08 08 48 09 06 49 08 02 4B 01 00 03 4C 3B 09 09 09 09 09 09 09 09 09 12 0E 35 11 01 10 40 50
xParamValueFunction+repeatedUnaryUpdateArgTemp+coalesceCopies: steps=108 | 6E 3A 50 EA A8 62 65 11 42 8B AC 60 64 15 13 35 6D 12 34 41 08 11 5E 29 62 07 11 42 8B 61 57 81 63 61 50 61 11 5E 76 61 01 11 5E 51 A8 62 65 10 42 51 65 66 61 10 02 11 46 04 62 10 A9 5E 65 AC D6 60 61 64 01 11 15 12 11 40 51 81 62 A9 5E 81 AC D4 62 0B 97 66 29 87 D5 04 11 5E 95 01 45 52 61 11 42 61 07 11 52 62 01 11 42 52 || setup 09 01 1D 18 01 44 45 04 00 42 00 46 41 47 07 00 00 00 00 00 00 08 43 01 00 4D 4A 01 01 09 05 01 02 00 03 4E 08 08 48 09 06 49 08 02 4B 01 00 03 4C 3B 09 09 09 09 09 09 09 09 09 12 0E 35 11 01 10 40 50
shareRandomCell: steps=108 | 6E 3A 50 EA A8 62 65 11 42 8B AC 60 64 15 13 35 6D 12 34 41 08 11 5E 29 62 07 11 42 8B 61 57 81 63 61 50 61 11 5E 76 61 01 11 5E 51 A8 62 65 10 42 51 65 66 61 10 02 11 46 04 62 10 A9 5E 65 AC D6 60 61 64 01 11 15 12 11 40 51 81 62 A9 5E 81 AC D4 62 0B 97 66 29 87 D5 04 11 5E 95 01 45 52 61 11 42 61 07 11 52 62 01 11 42 52 || setup 09 01 1D 18 01 44 45 04 00 42 00 46 41 47 07 00 00 00 00 00 00 08 43 01 00 4D 4A 01 01 09 05 01 02 00 03 4E 08 08 48 09 06 49 08 02 4B 01 00 03 4C 3B 09 09 09 09 09 09 09 09 09 12 0E 35 11 01 10 40 50
shareRandomCell+hoistSharedHelpers: steps=108 | 6E 3A 50 EA A8 62 65 11 42 8B AC 60 64 15 13 35 6D 12 34 41 08 11 5E 29 62 07 11 42 8B 61 57 81 63 61 50 61 11 5E 76 61 01 11 5E 51 A8 62 65 10 42 51 65 66 61 10 02 11 46 04 62 10 A9 5E 65 AC D6 60 61 64 01 11 15 12 11 40 51 81 62 A9 5E 81 AC D4 62 0B 97 66 29 87 D5 04 11 5E 95 01 45 52 61 11 42 61 07 11 52 62 01 11 42 52 || setup 09 01 1D 18 01 44 45 04 00 42 00 46 41 47 07 00 00 00 00 00 00 08 43 01 00 4D 4A 01 01 09 05 01 02 00 03 4E 08 08 48 09 06 49 08 02 4B 01 00 03 4C 3B 09 09 09 09 09 09 09 09 09 12 0E 35 11 01 10 40 50
tailBranchInversion: steps=108 | 6E 3A 50 EA A8 62 65 11 42 8B AC 60 64 15 13 35 6D 12 34 41 08 11 5E 29 62 07 11 42 8B 61 57 81 63 61 50 61 11 5E 76 61 01 11 5E 51 A8 62 65 10 42 51 65 66 61 10 02 11 46 04 62 10 A9 5E 65 AC D6 60 61 64 01 11 15 12 11 40 51 81 62 A9 5E 81 AC D4 62 0B 97 66 29 87 D5 04 11 5E 95 01 45 52 61 11 42 61 07 11 52 62 01 11 42 52 || setup 09 01 1D 18 01 44 45 04 00 42 00 46 41 47 07 00 00 00 00 00 00 08 43 01 00 4D 4A 01 01 09 05 01 02 00 03 4E 08 08 48 09 06 49 08 02 4B 01 00 03 4C 3B 09 09 09 09 09 09 09 09 09 12 0E 35 11 01 10 40 50
hoistSharedHelpers+canonicalizeIfChains+tailBranchInversion: steps=108 | 6E 3A 50 EA A8 62 65 11 42 8B AC 60 64 15 13 35 6D 12 34 41 08 11 5E 29 62 07 11 42 8B 61 57 81 63 61 50 61 11 5E 76 61 01 11 5E 51 A8 62 65 10 42 51 65 66 61 10 02 11 46 04 62 10 A9 5E 65 AC D6 60 61 64 01 11 15 12 11 40 51 81 62 A9 5E 81 AC D4 62 0B 97 66 29 87 D5 04 11 5E 95 01 45 52 61 11 42 61 07 11 52 62 01 11 42 52 || setup 09 01 1D 18 01 44 45 04 00 42 00 46 41 47 07 00 00 00 00 00 00 08 43 01 00 4D 4A 01 01 09 05 01 02 00 03 4E 08 08 48 09 06 49 08 02 4B 01 00 03 4C 3B 09 09 09 09 09 09 09 09 09 12 0E 35 11 01 10 40 50
guardedPrologueGadgets: steps=108 | 6E 3A 50 EA A8 62 65 11 42 8B AC 60 64 15 13 35 6D 12 34 41 08 11 5E 29 62 07 11 42 8B 61 57 81 63 61 50 61 11 5E 76 61 01 11 5E 51 A8 62 65 10 42 51 65 66 61 10 02 11 46 04 62 10 A9 5E 65 AC D6 60 61 64 01 11 15 12 11 40 51 81 62 A9 5E 81 AC D4 62 0B 97 66 29 87 D5 04 11 5E 95 01 45 52 61 11 42 61 07 11 52 62 01 11 42 52 || setup 09 01 1D 18 01 44 45 04 00 42 00 46 41 47 07 00 00 00 00 00 00 08 43 01 00 4D 4A 01 01 09 05 01 02 00 03 4E 08 08 48 09 06 49 08 02 4B 01 00 03 4C 3B 09 09 09 09 09 09 09 09 09 12 0E 35 11 01 10 40 50
guardedPrologueGadgets+hoistSharedHelpers+hoistProcs: steps=113 | 88 D5 04 11 EB 01 45 52 6E 3A 50 EC A7 62 65 11 42 51 95 53 6C 60 64 15 13 35 6D 12 34 41 08 11 5E 40 62 07 11 42 51 95 61 57 94 63 61 50 61 11 5E 88 61 01 11 5E 62 A7 62 65 10 42 51 77 66 61 10 02 11 46 04 62 10 A9 5E 77 53 6C D6 60 61 64 01 11 15 12 11 40 51 94 62 A9 5E 94 53 6C D4 62 0B 98 66 29 88 61 11 42 61 07 11 52 62 01 11 42 52 || setup 09 01 1D 18 01 44 45 47 04 00 42 00 46 41 07 00 00 00 00 00 00 08 43 01 00 4D 01 01 09 05 01 02 00 03 4E 08 48 01 00 01 49 07 4B 01 09 4C 3B 09 09 09 09 09 09 09 09 09 12 0E 35 11 01 10 40 50
sharedBitMaskHelperCalls: steps=108 | 6E 3A 50 EA A8 62 65 11 42 8B AC 60 64 15 13 35 6D 12 34 41 08 11 5E 29 62 07 11 42 8B 61 57 81 63 61 50 61 11 5E 76 61 01 11 5E 51 A8 62 65 10 42 51 65 66 61 10 02 11 46 04 62 10 A9 5E 65 AC D6 60 61 64 01 11 15 12 11 40 51 81 62 A9 5E 81 AC D4 62 0B 97 66 29 87 D5 04 11 5E 95 01 45 52 61 11 42 61 07 11 52 62 01 11 42 52 || setup 09 01 1D 18 01 44 45 04 00 42 00 46 41 47 07 00 00 00 00 00 00 08 43 01 00 4D 4A 01 01 09 05 01 02 00 03 4E 08 08 48 09 06 49 08 02 4B 01 00 03 4C 3B 09 09 09 09 09 09 09 09 09 12 0E 35 11 01 10 40 50
sharedBitMaskHelperCalls+hoistSharedHelpers: steps=108 | 6E 3A 50 EA A8 62 65 11 42 8B AC 60 64 15 13 35 6D 12 34 41 08 11 5E 29 62 07 11 42 8B 61 57 81 63 61 50 61 11 5E 76 61 01 11 5E 51 A8 62 65 10 42 51 65 66 61 10 02 11 46 04 62 10 A9 5E 65 AC D6 60 61 64 01 11 15 12 11 40 51 81 62 A9 5E 81 AC D4 62 0B 97 66 29 87 D5 04 11 5E 95 01 45 52 61 11 42 61 07 11 52 62 01 11 42 52 || setup 09 01 1D 18 01 44 45 04 00 42 00 46 41 47 07 00 00 00 00 00 00 08 43 01 00 4D 4A 01 01 09 05 01 02 00 03 4E 08 08 48 09 06 49 08 02 4B 01 00 03 4C 3B 09 09 09 09 09 09 09 09 09 12 0E 35 11 01 10 40 50
