primary: steps=106 | 65 0E 50 11 31 04 11 5E 29 68 50 02 11 57 18 02 40 8C 69 50 07 11 5E 26 01 8A 07 40 8C 03 10 5E 57 66 50 04 11 57 41 04 8A 67 50 03 11 57 49 03 8A 64 50 08 11 57 81 08 8A 01 11 5E 83 66 50 04 11 57 68 8B 69 50 03 11 5E 75 8D 03 40 6E 60 12 50 00 50 66 50 04 11 57 90 8B 63 50 09 11 57 98 09 8A 68 50 02 11 57 81 02 8A
aggressiveTerminalDirect: steps=106 | 65 0E 50 11 31 04 11 5E 29 68 50 02 11 57 18 02 40 8C 69 50 07 11 5E 26 01 8A 07 40 8C 03 10 5E 57 66 50 04 11 57 41 04 8A 67 50 03 11 57 49 03 8A 64 50 08 11 57 81 08 8A 01 11 5E 83 66 50 04 11 57 68 8B 69 50 03 11 5E 75 8D 03 40 6E 60 12 50 00 50 66 50 04 11 57 90 8B 63 50 09 11 57 98 09 8A 68 50 02 11 57 81 02 8A
invertBranchOrder: steps=106 | 65 0E 50 11 31 04 11 5E 29 68 50 02 11 57 18 02 40 8C 69 50 07 11 5E 26 01 8A 07 40 8C 03 10 5E 57 66 50 04 11 57 41 04 8A 67 50 03 11 57 49 03 8A 64 50 08 11 57 81 08 8A 01 11 5E 83 66 50 04 11 57 68 8B 69 50 03 11 5E 75 8D 03 40 6E 60 12 50 00 50 66 50 04 11 57 90 8B 63 50 09 11 57 98 09 8A 68 50 02 11 57 81 02 8A
aggressiveTerminalDirect+invertBranchOrder: steps=106 | 65 0E 50 11 31 04 11 5E 29 68 50 02 11 57 18 02 40 8C 69 50 07 11 5E 26 01 8A 07 40 8C 03 10 5E 57 66 50 04 11 57 41 04 8A 67 50 03 11 57 49 03 8A 64 50 08 11 57 81 08 8A 01 11 5E 83 66 50 04 11 57 68 8B 69 50 03 11 5E 75 8D 03 40 6E 60 12 50 00 50 66 50 04 11 57 90 8B 63 50 09 11 57 98 09 8A 68 50 02 11 57 81 02 8A
hoistSharedHelpers: steps=106 | 65 0E 50 11 31 04 11 5E 29 68 50 02 11 57 18 02 40 8C 69 50 07 11 5E 26 01 8A 07 40 8C 03 10 5E 57 66 50 04 11 57 41 04 8A 67 50 03 11 57 49 03 8A 64 50 08 11 57 81 08 8A 01 11 5E 83 66 50 04 11 57 68 8B 69 50 03 11 5E 75 8D 03 40 6E 60 12 50 00 50 66 50 04 11 57 90 8B 63 50 09 11 57 98 09 8A 68 50 02 11 57 81 02 8A
hoistSharedHelpers+hoistProcs: steps=108 | 51 31 6E 60 12 50 00 50 66 50 04 11 7D 04 40 8B 63 50 09 11 57 24 09 8A 68 50 02 11 7C 02 8A 65 0E 50 11 31 04 11 5E 59 68 50 02 11 57 48 51 29 69 50 07 11 5E 56 01 8A 07 40 8B 03 10 5E 86 66 50 04 11 57 71 04 8A 67 50 03 11 57 79 03 8A 64 50 08 11 7C 08 8A 01 11 5E 08 66 50 04 11 57 97 51 69 50 03 11 5E 69 51 54 03 40 8B
canonicalizeIfChains: steps=106 | 65 0E 50 11 31 04 11 5E 29 68 50 02 11 57 18 02 40 8C 69 50 07 11 5E 26 01 8A 07 40 8C 03 10 5E 57 66 50 04 11 57 41 04 8A 67 50 03 11 57 49 03 8A 64 50 08 11 57 81 08 8A 01 11 5E 83 66 50 04 11 57 68 8B 69 50 03 11 5E 75 8D 03 40 6E 60 12 50 00 50 66 50 04 11 57 90 8B 63 50 09 11 57 98 09 8A 68 50 02 11 57 81 02 8A
freeResidualDispatchScratch: steps=106 | 65 0E 50 11 31 04 11 5E 29 68 50 02 11 57 18 02 40 8C 69 50 07 11 5E 26 01 8A 07 40 8C 03 10 5E 57 66 50 04 11 57 41 04 8A 67 50 03 11 57 49 03 8A 64 50 08 11 57 81 08 8A 01 11 5E 83 66 50 04 11 57 68 8B 69 50 03 11 5E 75 8D 03 40 6E 60 12 50 00 50 66 50 04 11 57 90 8B 63 50 09 11 57 98 09 8A 68 50 02 11 57 81 02 8A
aliasXReuse: steps=106 | 65 0E 50 11 31 04 11 5E 29 68 50 02 11 57 18 02 40 8C 69 50 07 11 5E 26 01 8A 07 40 8C 03 10 5E 57 66 50 04 11 57 41 04 8A 67 50 03 11 57 49 03 8A 64 50 08 11 57 81 08 8A 01 11 5E 83 66 50 04 11 57 68 8B 69 50 03 11 5E 75 8D 03 40 6E 60 12 50 00 50 66 50 04 11 57 90 8B 63 50 09 11 57 98 09 8A 68 50 02 11 57 81 02 8A
coalesceCopies: steps=106 | 65 0E 50 11 31 04 11 5E 29 68 50 02 11 57 18 02 40 8C 69 50 07 11 5E 26 01 8A 07 40 8C 03 10 5E 57 66 50 04 11 57 41 04 8A 67 50 03 11 57 49 03 8A 64 50 08 11 57 81 08 8A 01 11 5E 83 66 50 04 11 57 68 8B 69 50 03 11 5E 75 8D 03 40 6E 60 12 50 00 50 66 50 04 11 57 90 8B 63 50 09 11 57 98 09 8A 68 50 02 11 57 81 02 8A
freeResidualDispatchScratch+canonicalizeIfChains: steps=106 | 65 0E 50 11 31 04 11 5E 29 68 50 02 11 57 18 02 40 8C 69 50 07 11 5E 26 01 8A 07 40 8C 03 10 5E 57 66 50 04 11 57 41 04 8A 67 50 03 11 57 49 03 8A 64 50 08 11 57 81 08 8A 01 11 5E 83 66 50 04 11 57 68 8B 69 50 03 11 5E 75 8D 03 40 6E 60 12 50 00 50 66 50 04 11 57 90 8B 63 50 09 11 57 98 09 8A 68 50 02 11 57 81 02 8A
repeatedUnaryUpdateArgTemp: steps=106 | 65 0E 50 11 31 04 11 5E 29 68 50 02 11 57 18 02 40 8C 69 50 07 11 5E 26 01 8A 07 40 8C 03 10 5E 57 66 50 04 11 57 41 04 8A 67 50 03 11 57 49 03 8A 64 50 08 11 57 81 08 8A 01 11 5E 83 66 50 04 11 57 68 8B 69 50 03 11 5E 75 8D 03 40 6E 60 12 50 00 50 66 50 04 11 57 90 8B 63 50 09 11 57 98 09 8A 68 50 02 11 57 81 02 8A
xParamValueFunction: steps=106 | 65 0E 50 11 31 04 11 5E 29 68 50 02 11 57 18 02 40 8C 69 50 07 11 5E 26 01 8A 07 40 8C 03 10 5E 57 66 50 04 11 57 41 04 8A 67 50 03 11 57 49 03 8A 64 50 08 11 57 81 08 8A 01 11 5E 83 66 50 04 11 57 68 8B 69 50 03 11 5E 75 8D 03 40 6E 60 12 50 00 50 66 50 04 11 57 90 8B 63 50 09 11 57 98 09 8A 68 50 02 11 57 81 02 8A
xParamValueFunction+repeatedUnaryUpdateArgTemp: steps=106 | 65 0E 50 11 31 04 11 5E 29 68 50 02 11 57 18 02 40 8C 69 50 07 11 5E 26 01 8A 07 40 8C 03 10 5E 57 66 50 04 11 57 41 04 8A 67 50 03 11 57 49 03 8A 64 50 08 11 57 81 08 8A 01 11 5E 83 66 50 04 11 57 68 8B 69 50 03 11 5E 75 8D 03 40 6E 60 12 50 00 50 66 50 04 11 57 90 8B 63 50 09 11 57 98 09 8A 68 50 02 11 57 81 02 8A
xParamValueFunction+repeatedUnaryUpdateArgTemp+coalesceCopies: steps=106 | 65 0E 50 11 31 04 11 5E 29 68 50 02 11 57 18 02 40 8C 69 50 07 11 5E 26 01 8A 07 40 8C 03 10 5E 57 66 50 04 11 57 41 04 8A 67 50 03 11 57 49 03 8A 64 50 08 11 57 81 08 8A 01 11 5E 83 66 50 04 11 57 68 8B 69 50 03 11 5E 75 8D 03 40 6E 60 12 50 00 50 66 50 04 11 57 90 8B 63 50 09 11 57 98 09 8A 68 50 02 11 57 81 02 8A
shareRandomCell: steps=106 | 65 0E 50 11 31 04 11 5E 29 68 50 02 11 57 18 02 40 8C 69 50 07 11 5E 26 01 8A 07 40 8C 03 10 5E 57 66 50 04 11 57 41 04 8A 67 50 03 11 57 49 03 8A 64 50 08 11 57 81 08 8A 01 11 5E 83 66 50 04 11 57 68 8B 69 50 03 11 5E 75 8D 03 40 6E 60 12 50 00 50 66 50 04 11 57 90 8B 63 50 09 11 57 98 09 8A 68 50 02 11 57 81 02 8A
shareRandomCell+hoistSharedHelpers: steps=106 | 65 0E 50 11 31 04 11 5E 29 68 50 02 11 57 18 02 40 8C 69 50 07 11 5E 26 01 8A 07 40 8C 03 10 5E 57 66 50 04 11 57 41 04 8A 67 50 03 11 57 49 03 8A 64 50 08 11 57 81 08 8A 01 11 5E 83 66 50 04 11 57 68 8B 69 50 03 11 5E 75 8D 03 40 6E 60 12 50 00 50 66 50 04 11 57 90 8B 63 50 09 11 57 98 09 8A 68 50 02 11 57 81 02 8A
tailBranchInversion: steps=100 | 65 0E 50 11 31 04 11 5E 29 68 50 02 11 57 18 02 40 8C 69 50 07 11 5E 26 01 8A 07 40 8C 03 10 5E 57 66 50 04 11 57 41 04 8A 67 50 03 11 57 49 03 8A 64 50 08 11 57 77 08 8A 01 11 5E 79 66 50 04 11 EB 69 50 03 11 7D 03 40 6E 60 12 50 00 50 66 50 04 11 EB 63 50 09 11 57 92 09 8A 68 50 02 11 57 77 02 8A
hoistSharedHelpers+canonicalizeIfChains+tailBranchInversion: steps=100 | 65 0E 50 11 31 04 11 5E 29 68 50 02 11 57 18 02 40 8C 69 50 07 11 5E 26 01 8A 07 40 8C 03 10 5E 57 66 50 04 11 57 41 04 8A 67 50 03 11 57 49 03 8A 64 50 08 11 57 77 08 8A 01 11 5E 79 66 50 04 11 EB 69 50 03 11 7D 03 40 6E 60 12 50 00 50 66 50 04 11 EB 63 50 09 11 57 92 09 8A 68 50 02 11 57 77 02 8A
guardedPrologueGadgets: steps=106 | 65 0E 50 11 31 04 11 5E 29 68 50 02 11 57 18 02 40 8C 69 50 07 11 5E 26 01 8A 07 40 8C 03 10 5E 57 66 50 04 11 57 41 04 8A 67 50 03 11 57 49 03 8A 64 50 08 11 57 81 08 8A 01 11 5E 83 66 50 04 11 57 68 8B 69 50 03 11 5E 75 8D 03 40 6E 60 12 50 00 50 66 50 04 11 57 90 8B 63 50 09 11 57 98 09 8A 68 50 02 11 57 81 02 8A
guardedPrologueGadgets+hoistSharedHelpers+hoistProcs: steps=108 | 51 31 6E 60 12 50 00 50 66 50 04 11 7D 04 40 8B 63 50 09 11 57 24 09 8A 68 50 02 11 7C 02 8A 65 0E 50 11 31 04 11 5E 59 68 50 02 11 57 48 51 29 69 50 07 11 5E 56 01 8A 07 40 8B 03 10 5E 86 66 50 04 11 57 71 04 8A 67 50 03 11 57 79 03 8A 64 50 08 11 7C 08 8A 01 11 5E 08 66 50 04 11 57 97 51 69 50 03 11 5E 69 51 54 03 40 8B
sharedBitMaskHelperCalls: steps=106 | 65 0E 50 11 31 04 11 5E 29 68 50 02 11 57 18 02 40 8C 69 50 07 11 5E 26 01 8A 07 40 8C 03 10 5E 57 66 50 04 11 57 41 04 8A 67 50 03 11 57 49 03 8A 64 50 08 11 57 81 08 8A 01 11 5E 83 66 50 04 11 57 68 8B 69 50 03 11 5E 75 8D 03 40 6E 60 12 50 00 50 66 50 04 11 57 90 8B 63 50 09 11 57 98 09 8A 68 50 02 11 57 81 02 8A
sharedBitMaskHelperCalls+hoistSharedHelpers: steps=106 | 65 0E 50 11 31 04 11 5E 29 68 50 02 11 57 18 02 40 8C 69 50 07 11 5E 26 01 8A 07 40 8C 03 10 5E 57 66 50 04 11 57 41 04 8A 67 50 03 11 57 49 03 8A 64 50 08 11 57 81 08 8A 01 11 5E 83 66 50 04 11 57 68 8B 69 50 03 11 5E 75 8D 03 40 6E 60 12 50 00 50 66 50 04 11 57 90 8B 63 50 09 11 57 98 09 8A 68 50 02 11 57 81 02 8A
