primary: steps=102 | 69 5E 90 6B 50 6C 1D 5C 00 68 6E 11 48 5C 19 6A 50 51 00 03 41 01 45 00 49 00 47 5E 39 3B 01 00 12 0E 35 11 47 51 27 B5 69 5E 47 67 49 51 54 01 00 69 12 67 10 49 5B 25 62 63 10 64 10 05 13 35 5E 70 6E 68 10 48 63 62 11 5E 00 6D 68 10 48 64 63 11 5E 00 6D 68 10 48 51 00 50 6C 1D 59 00 5E 89 68 50 49 51 00 || setup 04 15 48 01 45 00 46 41 47 49 02 15 4C 03 15 4E 03 00 00 00 4D 01 01 03 3A 4B 01 6B 14 54 0C 0C 02 4B 01 02 06 06 00 02 04 0E 09 08 08 09 00 08 09 39 4A 01 03 3A 35 6A 14 54 0C 0C 06 4A 50
aggressiveTerminalDirect: steps=102 | 69 5E 90 6B 50 6C 1D 5C 00 68 6E 11 48 5C 19 6A 50 51 00 03 41 01 45 00 49 00 47 5E 39 3B 01 00 12 0E 35 11 47 51 27 B5 69 5E 47 67 49 51 54 01 00 69 12 67 10 49 5B 25 62 63 10 64 10 05 13 35 5E 70 6E 68 10 48 63 62 11 5E 00 6D 68 10 48 64 63 11 5E 00 6D 68 10 48 51 00 50 6C 1D 59 00 5E 89 68 50 49 51 00 || setup 04 15 48 01 45 00 46 41 47 49 02 15 4C 03 15 4E 03 00 00 00 4D 01 01 03 3A 4B 01 6B 14 54 0C 0C 02 4B 01 02 06 06 00 02 04 0E 09 08 08 09 00 08 09 39 4A 01 03 3A 35 6A 14 54 0C 0C 06 4A 50
invertBranchOrder: steps=103 | 69 57 16 50 6C 1D 59 00 5E 12 68 50 00 49 51 00 6B 50 6C 1D 5C 00 68 6E 11 48 5C 32 6A 50 51 00 03 41 01 45 00 49 00 47 5E 52 3B 01 00 12 0E 35 11 47 51 40 B5 69 57 65 01 00 69 12 67 10 49 51 67 67 49 5B 38 62 63 10 64 10 05 13 35 5E 83 6E 68 10 48 63 62 11 5E 00 6D 68 10 48 64 63 11 5E 00 6D 68 10 48 51 00 || setup 04 15 48 01 45 00 46 41 47 49 02 15 4C 03 15 4E 03 00 00 00 4D 01 01 03 3A 4B 01 6B 14 54 0C 0C 02 4B 01 02 06 06 00 02 04 0E 09 08 08 09 00 08 09 39 4A 01 03 3A 35 6A 14 54 0C 0C 06 4A 50
aggressiveTerminalDirect+invertBranchOrder: steps=103 | 69 57 16 50 6C 1D 59 00 5E 12 68 50 00 49 51 00 6B 50 6C 1D 5C 00 68 6E 11 48 5C 32 6A 50 51 00 03 41 01 45 00 49 00 47 5E 52 3B 01 00 12 0E 35 11 47 51 40 B5 69 57 65 01 00 69 12 67 10 49 51 67 67 49 5B 38 62 63 10 64 10 05 13 35 5E 83 6E 68 10 48 63 62 11 5E 00 6D 68 10 48 64 63 11 5E 00 6D 68 10 48 51 00 || setup 04 15 48 01 45 00 46 41 47 49 02 15 4C 03 15 4E 03 00 00 00 4D 01 01 03 3A 4B 01 6B 14 54 0C 0C 02 4B 01 02 06 06 00 02 04 0E 09 08 08 09 00 08 09 39 4A 01 03 3A 35 6A 14 54 0C 0C 06 4A 50
hoistSharedHelpers: steps=102 | 69 5E 90 6B 50 6C 1D 5C 00 68 6E 11 48 5C 19 6A 50 51 00 03 41 01 45 00 49 00 47 5E 39 3B 01 00 12 0E 35 11 47 51 27 B5 69 5E 47 67 49 51 54 01 00 69 12 67 10 49 5B 25 62 63 10 64 10 05 13 35 5E 70 6E 68 10 48 63 62 11 5E 00 6D 68 10 48 64 63 11 5E 00 6D 68 10 48 51 00 50 6C 1D 59 00 5E 89 68 50 49 51 00 || setup 04 15 48 01 45 00 46 41 47 49 02 15 4C 03 15 4E 03 00 00 00 4D 01 01 03 3A 4B 01 6B 14 54 0C 0C 02 4B 01 02 06 06 00 02 04 0E 09 08 08 09 00 08 09 39 4A 01 03 3A 35 6A 14 54 0C 0C 06 4A 50
hoistSharedHelpers+hoistProcs: steps=102 | 69 5E 90 6B 50 6C 1D 5C 00 68 6E 11 48 5C 19 6A 50 51 00 03 41 01 45 00 49 00 47 5E 39 3B 01 00 12 0E 35 11 47 51 27 B5 69 5E 47 67 49 51 54 01 00 69 12 67 10 49 5B 25 62 63 10 64 10 05 13 35 5E 70 6E 68 10 48 63 62 11 5E 00 6D 68 10 48 64 63 11 5E 00 6D 68 10 48 51 00 50 6C 1D 59 00 5E 89 68 50 49 51 00 || setup 04 15 48 01 45 00 46 41 47 49 02 15 4C 03 15 4E 03 00 00 00 4D 01 01 03 3A 4B 01 6B 14 54 0C 0C 02 4B 01 02 06 06 00 02 04 0E 09 08 08 09 00 08 09 39 4A 01 03 3A 35 6A 14 54 0C 0C 06 4A 50
canonicalizeIfChains: steps=102 | 69 5E 90 6B 50 6C 1D 5C 00 68 6E 11 48 5C 19 6A 50 51 00 03 41 01 45 00 49 00 47 5E 39 3B 01 00 12 0E 35 11 47 51 27 B5 69 5E 47 67 49 51 54 01 00 69 12 67 10 49 5B 25 62 63 10 64 10 05 13 35 5E 70 6E 68 10 48 63 62 11 5E 00 6D 68 10 48 64 63 11 5E 00 6D 68 10 48 51 00 50 6C 1D 59 00 5E 89 68 50 49 51 00 || setup 04 15 48 01 45 00 46 41 47 49 02 15 4C 03 15 4E 03 00 00 00 4D 01 01 03 3A 4B 01 6B 14 54 0C 0C 02 4B 01 02 06 06 00 02 04 0E 09 08 08 09 00 08 09 39 4A 01 03 3A 35 6A 14 54 0C 0C 06 4A 50
freeResidualDispatchScratch: steps=102 | 69 5E 90 6B 50 6C 1D 5C 00 68 6E 11 48 5C 19 6A 50 51 00 03 41 01 45 00 49 00 47 5E 39 3B 01 00 12 0E 35 11 47 51 27 B5 69 5E 47 67 49 51 54 01 00 69 12 67 10 49 5B 25 62 63 10 64 10 05 13 35 5E 70 6E 68 10 48 63 62 11 5E 00 6D 68 10 48 64 63 11 5E 00 6D 68 10 48 51 00 50 6C 1D 59 00 5E 89 68 50 49 51 00 || setup 04 15 48 01 45 00 46 41 47 49 02 15 4C 03 15 4E 03 00 00 00 4D 01 01 03 3A 4B 01 6B 14 54 0C 0C 02 4B 01 02 06 06 00 02 04 0E 09 08 08 09 00 08 09 39 4A 01 03 3A 35 6A 14 54 0C 0C 06 4A 50
aliasXReuse: steps=102 | 69 5E 90 6B 50 6C 1D 5C 00 68 6E 11 48 5C 19 6A 50 51 00 03 41 01 45 00 49 00 47 5E 39 3B 01 00 12 0E 35 11 47 51 27 B5 69 5E 47 67 49 51 54 01 00 69 12 67 10 49 5B 25 62 63 10 64 10 05 13 35 5E 70 6E 68 10 48 63 62 11 5E 00 6D 68 10 48 64 63 11 5E 00 6D 68 10 48 51 00 50 6C 1D 59 00 5E 89 68 50 49 51 00 || setup 04 15 48 01 45 00 46 41 47 49 02 15 4C 03 15 4E 03 00 00 00 4D 01 01 03 3A 4B 01 6B 14 54 0C 0C 02 4B 01 02 06 06 00 02 04 0E 09 08 08 09 00 08 09 39 4A 01 03 3A 35 6A 14 54 0C 0C 06 4A 50
coalesceCopies: steps=102 | 69 5E 90 6B 50 6C 1D 5C 00 68 6E 11 48 5C 19 6A 50 51 00 03 41 01 45 00 49 00 47 5E 39 3B 01 00 12 0E 35 11 47 51 27 B5 69 5E 47 67 49 51 54 01 00 69 12 67 10 49 5B 25 62 63 10 64 10 05 13 35 5E 70 6E 68 10 48 63 62 11 5E 00 6D 68 10 48 64 63 11 5E 00 6D 68 10 48 51 00 50 6C 1D 59 00 5E 89 68 50 49 51 00 || setup 04 15 48 01 45 00 46 41 47 49 02 15 4C 03 15 4E 03 00 00 00 4D 01 01 03 3A 4B 01 6B 14 54 0C 0C 02 4B 01 02 06 06 00 02 04 0E 09 08 08 09 00 08 09 39 4A 01 03 3A 35 6A 14 54 0C 0C 06 4A 50
freeResidualDispatchScratch+canonicalizeIfChains: steps=102 | 69 5E 90 6B 50 6C 1D 5C 00 68 6E 11 48 5C 19 6A 50 51 00 03 41 01 45 00 49 00 47 5E 39 3B 01 00 12 0E 35 11 47 51 27 B5 69 5E 47 67 49 51 54 01 00 69 12 67 10 49 5B 25 62 63 10 64 10 05 13 35 5E 70 6E 68 10 48 63 62 11 5E 00 6D 68 10 48 64 63 11 5E 00 6D 68 10 48 51 00 50 6C 1D 59 00 5E 89 68 50 49 51 00 || setup 04 15 48 01 45 00 46 41 47 49 02 15 4C 03 15 4E 03 00 00 00 4D 01 01 03 3A 4B 01 6B 14 54 0C 0C 02 4B 01 02 06 06 00 02 04 0E 09 08 08 09 00 08 09 39 4A 01 03 3A 35 6A 14 54 0C 0C 06 4A 50
repeatedUnaryUpdateArgTemp: steps=102 | 69 5E 90 6B 50 6C 1D 5C 00 68 6E 11 48 5C 19 6A 50 51 00 03 41 01 45 00 49 00 47 5E 39 3B 01 00 12 0E 35 11 47 51 27 B5 69 5E 47 67 49 51 54 01 00 69 12 67 10 49 5B 25 62 63 10 64 10 05 13 35 5E 70 6E 68 10 48 63 62 11 5E 00 6D 68 10 48 64 63 11 5E 00 6D 68 10 48 51 00 50 6C 1D 59 00 5E 89 68 50 49 51 00 || setup 04 15 48 01 45 00 46 41 47 49 02 15 4C 03 15 4E 03 00 00 00 4D 01 01 03 3A 4B 01 6B 14 54 0C 0C 02 4B 01 02 06 06 00 02 04 0E 09 08 08 09 00 08 09 39 4A 01 03 3A 35 6A 14 54 0C 0C 06 4A 50
xParamValueFunction: steps=102 | 69 5E 90 6B 50 6C 1D 5C 00 68 6E 11 48 5C 19 6A 50 51 00 03 41 01 45 00 49 00 47 5E 39 3B 01 00 12 0E 35 11 47 51 27 B5 69 5E 47 67 49 51 54 01 00 69 12 67 10 49 5B 25 62 63 10 64 10 05 13 35 5E 70 6E 68 10 48 63 62 11 5E 00 6D 68 10 48 64 63 11 5E 00 6D 68 10 48 51 00 50 6C 1D 59 00 5E 89 68 50 49 51 00 || setup 04 15 48 01 45 00 46 41 47 49 02 15 4C 03 15 4E 03 00 00 00 4D 01 01 03 3A 4B 01 6B 14 54 0C 0C 02 4B 01 02 06 06 00 02 04 0E 09 08 08 09 00 08 09 39 4A 01 03 3A 35 6A 14 54 0C 0C 06 4A 50
xParamValueFunction+repeatedUnaryUpdateArgTemp: steps=102 | 69 5E 90 6B 50 6C 1D 5C 00 68 6E 11 48 5C 19 6A 50 51 00 03 41 01 45 00 49 00 47 5E 39 3B 01 00 12 0E 35 11 47 51 27 B5 69 5E 47 67 49 51 54 01 00 69 12 67 10 49 5B 25 62 63 10 64 10 05 13 35 5E 70 6E 68 10 48 63 62 11 5E 00 6D 68 10 48 64 63 11 5E 00 6D 68 10 48 51 00 50 6C 1D 59 00 5E 89 68 50 49 51 00 || setup 04 15 48 01 45 00 46 41 47 49 02 15 4C 03 15 4E 03 00 00 00 4D 01 01 03 3A 4B 01 6B 14 54 0C 0C 02 4B 01 02 06 06 00 02 04 0E 09 08 08 09 00 08 09 39 4A 01 03 3A 35 6A 14 54 0C 0C 06 4A 50
xParamValueFunction+repeatedUnaryUpdateArgTemp+coalesceCopies: steps=102 | 69 5E 90 6B 50 6C 1D 5C 00 68 6E 11 48 5C 19 6A 50 51 00 03 41 01 45 00 49 00 47 5E 39 3B 01 00 12 0E 35 11 47 51 27 B5 69 5E 47 67 49 51 54 01 00 69 12 67 10 49 5B 25 62 63 10 64 10 05 13 35 5E 70 6E 68 10 48 63 62 11 5E 00 6D 68 10 48 64 63 11 5E 00 6D 68 10 48 51 00 50 6C 1D 59 00 5E 89 68 50 49 51 00 || setup 04 15 48 01 45 00 46 41 47 49 02 15 4C 03 15 4E 03 00 00 00 4D 01 01 03 3A 4B 01 6B 14 54 0C 0C 02 4B 01 02 06 06 00 02 04 0E 09 08 08 09 00 08 09 39 4A 01 03 3A 35 6A 14 54 0C 0C 06 4A 50
shareRandomCell: steps=102 | 69 5E 90 6B 50 6C 1D 5C 00 68 6E 11 48 5C 19 6A 50 51 00 03 41 01 45 00 49 00 47 5E 39 3B 01 00 12 0E 35 11 47 51 27 B5 69 5E 47 67 49 51 54 01 00 69 12 67 10 49 5B 25 62 63 10 64 10 05 13 35 5E 70 6E 68 10 48 63 62 11 5E 00 6D 68 10 48 64 63 11 5E 00 6D 68 10 48 51 00 50 6C 1D 59 00 5E 89 68 50 49 51 00 || setup 04 15 48 01 45 00 46 41 47 49 02 15 4C 03 15 4E 03 00 00 00 4D 01 01 03 3A 4B 01 6B 14 54 0C 0C 02 4B 01 02 06 06 00 02 04 0E 09 08 08 09 00 08 09 39 4A 01 03 3A 35 6A 14 54 0C 0C 06 4A 50
shareRandomCell+hoistSharedHelpers: steps=102 | 69 5E 90 6B 50 6C 1D 5C 00 68 6E 11 48 5C 19 6A 50 51 00 03 41 01 45 00 49 00 47 5E 39 3B 01 00 12 0E 35 11 47 51 27 B5 69 5E 47 67 49 51 54 01 00 69 12 67 10 49 5B 25 62 63 10 64 10 05 13 35 5E 70 6E 68 10 48 63 62 11 5E 00 6D 68 10 48 64 63 11 5E 00 6D 68 10 48 51 00 50 6C 1D 59 00 5E 89 68 50 49 51 00 || setup 04 15 48 01 45 00 46 41 47 49 02 15 4C 03 15 4E 03 00 00 00 4D 01 01 03 3A 4B 01 6B 14 54 0C 0C 02 4B 01 02 06 06 00 02 04 0E 09 08 08 09 00 08 09 39 4A 01 03 3A 35 6A 14 54 0C 0C 06 4A 50
tailBranchInversion: steps=102 | 69 5E 90 6B 50 6C 1D 5C 00 68 6E 11 48 5C 19 6A 50 51 00 03 41 01 45 00 49 00 47 5E 39 3B 01 00 12 0E 35 11 47 51 27 B5 69 5E 47 67 49 51 54 01 00 69 12 67 10 49 5B 25 62 63 10 64 10 05 13 35 5E 70 6E 68 10 48 63 62 11 5E 00 6D 68 10 48 64 63 11 5E 00 6D 68 10 48 51 00 50 6C 1D 59 00 5E 89 68 50 49 51 00 || setup 04 15 48 01 45 00 46 41 47 49 02 15 4C 03 15 4E 03 00 00 00 4D 01 01 03 3A 4B 01 6B 14 54 0C 0C 02 4B 01 02 06 06 00 02 04 0E 09 08 08 09 00 08 09 39 4A 01 03 3A 35 6A 14 54 0C 0C 06 4A 50
hoistSharedHelpers+canonicalizeIfChains+tailBranchInversion: steps=102 | 69 5E 90 6B 50 6C 1D 5C 00 68 6E 11 48 5C 19 6A 50 51 00 03 41 01 45 00 49 00 47 5E 39 3B 01 00 12 0E 35 11 47 51 27 B5 69 5E 47 67 49 51 54 01 00 69 12 67 10 49 5B 25 62 63 10 64 10 05 13 35 5E 70 6E 68 10 48 63 62 11 5E 00 6D 68 10 48 64 63 11 5E 00 6D 68 10 48 51 00 50 6C 1D 59 00 5E 89 68 50 49 51 00 || setup 04 15 48 01 45 00 46 41 47 49 02 15 4C 03 15 4E 03 00 00 00 4D 01 01 03 3A 4B 01 6B 14 54 0C 0C 02 4B 01 02 06 06 00 02 04 0E 09 08 08 09 00 08 09 39 4A 01 03 3A 35 6A 14 54 0C 0C 06 4A 50
guardedPrologueGadgets: steps=102 | 69 5E 90 6B 50 6C 1D 5C 00 68 6E 11 48 5C 19 6A 50 51 00 03 41 01 45 00 49 00 47 5E 39 3B 01 00 12 0E 35 11 47 51 27 B5 69 5E 47 67 49 51 54 01 00 69 12 67 10 49 5B 25 62 63 10 64 10 05 13 35 5E 70 6E 68 10 48 63 62 11 5E 00 6D 68 10 48 64 63 11 5E 00 6D 68 10 48 51 00 50 6C 1D 59 00 5E 89 68 50 49 51 00 || setup 04 15 48 01 45 00 46 41 47 49 02 15 4C 03 15 4E 03 00 00 00 4D 01 01 03 3A 4B 01 6B 14 54 0C 0C 02 4B 01 02 06 06 00 02 04 0E 09 08 08 09 00 08 09 39 4A 01 03 3A 35 6A 14 54 0C 0C 06 4A 50
guardedPrologueGadgets+hoistSharedHelpers+hoistProcs: steps=102 | 69 5E 90 6B 50 6C 1D 5C 00 68 6E 11 48 5C 19 6A 50 51 00 03 41 01 45 00 49 00 47 5E 39 3B 01 00 12 0E 35 11 47 51 27 B5 69 5E 47 67 49 51 54 01 00 69 12 67 10 49 5B 25 62 63 10 64 10 05 13 35 5E 70 6E 68 10 48 63 62 11 5E 00 6D 68 10 48 64 63 11 5E 00 6D 68 10 48 51 00 50 6C 1D 59 00 5E 89 68 50 49 51 00 || setup 04 15 48 01 45 00 46 41 47 49 02 15 4C 03 15 4E 03 00 00 00 4D 01 01 03 3A 4B 01 6B 14 54 0C 0C 02 4B 01 02 06 06 00 02 04 0E 09 08 08 09 00 08 09 39 4A 01 03 3A 35 6A 14 54 0C 0C 06 4A 50
sharedBitMaskHelperCalls: steps=102 | 69 5E 90 6B 50 6C 1D 5C 00 68 6E 11 48 5C 19 6A 50 51 00 03 41 01 45 00 49 00 47 5E 39 3B 01 00 12 0E 35 11 47 51 27 B5 69 5E 47 67 49 51 54 01 00 69 12 67 10 49 5B 25 62 63 10 64 10 05 13 35 5E 70 6E 68 10 48 63 62 11 5E 00 6D 68 10 48 64 63 11 5E 00 6D 68 10 48 51 00 50 6C 1D 59 00 5E 89 68 50 49 51 00 || setup 04 15 48 01 45 00 46 41 47 49 02 15 4C 03 15 4E 03 00 00 00 4D 01 01 03 3A 4B 01 6B 14 54 0C 0C 02 4B 01 02 06 06 00 02 04 0E 09 08 08 09 00 08 09 39 4A 01 03 3A 35 6A 14 54 0C 0C 06 4A 50
sharedBitMaskHelperCalls+hoistSharedHelpers: steps=102 | 69 5E 90 6B 50 6C 1D 5C 00 68 6E 11 48 5C 19 6A 50 51 00 03 41 01 45 00 49 00 47 5E 39 3B 01 00 12 0E 35 11 47 51 27 B5 69 5E 47 67 49 51 54 01 00 69 12 67 10 49 5B 25 62 63 10 64 10 05 13 35 5E 70 6E 68 10 48 63 62 11 5E 00 6D 68 10 48 64 63 11 5E 00 6D 68 10 48 51 00 50 6C 1D 59 00 5E 89 68 50 49 51 00 || setup 04 15 48 01 45 00 46 41 47 49 02 15 4C 03 15 4E 03 00 00 00 4D 01 01 03 3A 4B 01 6B 14 54 0C 0C 02 4B 01 02 06 06 00 02 04 0E 09 08 08 09 00 08 09 39 4A 01 03 3A 35 6A 14 54 0C 0C 06 4A 50
