primary: steps=38 | 65 6E 12 64 10 50 6B 42 62 57 21 01 11 42 6A 57 08 01 11 51 15 D4 64 6D 11 59 00 00 44 D5 6C 11 59 00 00 45 51 00 || setup 14 44 14 45 09 01 1D 18 01 00 42 4B 01 01 43 4A 02 04 4C 06 00 4D 62 22 4E 50
aggressiveTerminalDirect: steps=38 | 65 6E 12 64 10 50 6B 42 62 57 21 01 11 42 6A 57 08 01 11 51 15 D4 64 6D 11 59 00 00 44 D5 6C 11 59 00 00 45 51 00 || setup 14 44 14 45 09 01 1D 18 01 00 42 4B 01 01 43 4A 02 04 4C 06 00 4D 62 22 4E 50
invertBranchOrder: steps=38 | 65 6E 12 64 10 50 6B 42 62 57 21 01 11 42 6A 57 08 01 11 51 15 D4 64 6D 11 59 00 00 44 D5 6C 11 59 00 00 45 51 00 || setup 14 44 14 45 09 01 1D 18 01 00 42 4B 01 01 43 4A 02 04 4C 06 00 4D 62 22 4E 50
aggressiveTerminalDirect+invertBranchOrder: steps=38 | 65 6E 12 64 10 50 6B 42 62 57 21 01 11 42 6A 57 08 01 11 51 15 D4 64 6D 11 59 00 00 44 D5 6C 11 59 00 00 45 51 00 || setup 14 44 14 45 09 01 1D 18 01 00 42 4B 01 01 43 4A 02 04 4C 06 00 4D 62 22 4E 50
hoistSharedHelpers: steps=38 | 65 6E 12 64 10 50 6B 42 62 57 21 01 11 42 6A 57 08 01 11 51 15 D4 64 6D 11 59 00 00 44 D5 6C 11 59 00 00 45 51 00 || setup 14 44 14 45 09 01 1D 18 01 00 42 4B 01 01 43 4A 02 04 4C 06 00 4D 62 22 4E 50
hoistSharedHelpers+hoistProcs: steps=38 | 65 6E 12 64 10 50 6B 42 62 57 21 01 11 42 6A 57 08 01 11 51 15 D4 64 6D 11 59 00 00 44 D5 6C 11 59 00 00 45 51 00 || setup 14 44 14 45 09 01 1D 18 01 00 42 4B 01 01 43 4A 02 04 4C 06 00 4D 62 22 4E 50
canonicalizeIfChains: steps=38 | 65 6E 12 64 10 50 6B 42 62 57 21 01 11 42 6A 57 08 01 11 51 15 D4 64 6D 11 59 00 00 44 D5 6C 11 59 00 00 45 51 00 || setup 14 44 14 45 09 01 1D 18 01 00 42 4B 01 01 43 4A 02 04 4C 06 00 4D 62 22 4E 50
freeResidualDispatchScratch: steps=38 | 65 6E 12 64 10 50 6B 42 62 57 21 01 11 42 6A 57 08 01 11 51 15 D4 64 6D 11 59 00 00 44 D5 6C 11 59 00 00 45 51 00 || setup 14 44 14 45 09 01 1D 18 01 00 42 4B 01 01 43 4A 02 04 4C 06 00 4D 62 22 4E 50
aliasXReuse: steps=38 | 65 6E 12 64 10 50 6B 42 62 57 21 01 11 42 6A 57 08 01 11 51 15 D4 64 6D 11 59 00 00 44 D5 6C 11 59 00 00 45 51 00 || setup 14 44 14 45 09 01 1D 18 01 00 42 4B 01 01 43 4A 02 04 4C 06 00 4D 62 22 4E 50
coalesceCopies: steps=38 | 65 6E 12 64 10 50 6B 42 62 57 21 01 11 42 6A 57 08 01 11 51 15 D4 64 6D 11 59 00 00 44 D5 6C 11 59 00 00 45 51 00 || setup 14 44 14 45 09 01 1D 18 01 00 42 4B 01 01 43 4A 02 04 4C 06 00 4D 62 22 4E 50
freeResidualDispatchScratch+canonicalizeIfChains: steps=38 | 65 6E 12 64 10 50 6B 42 62 57 21 01 11 42 6A 57 08 01 11 51 15 D4 64 6D 11 59 00 00 44 D5 6C 11 59 00 00 45 51 00 || setup 14 44 14 45 09 01 1D 18 01 00 42 4B 01 01 43 4A 02 04 4C 06 00 4D 62 22 4E 50
repeatedUnaryUpdateArgTemp: steps=38 | 65 6E 12 64 10 50 6B 42 62 57 21 01 11 42 6A 57 08 01 11 51 15 D4 64 6D 11 59 00 00 44 D5 6C 11 59 00 00 45 51 00 || setup 14 44 14 45 09 01 1D 18 01 00 42 4B 01 01 43 4A 02 04 4C 06 00 4D 62 22 4E 50
xParamValueFunction: steps=38 | 65 6E 12 64 10 50 6B 42 62 57 21 01 11 42 6A 57 08 01 11 51 15 D4 64 6D 11 59 00 00 44 D5 6C 11 59 00 00 45 51 00 || setup 14 44 14 45 09 01 1D 18 01 00 42 4B 01 01 43 4A 02 04 4C 06 00 4D 62 22 4E 50
xParamValueFunction+repeatedUnaryUpdateArgTemp: steps=38 | 65 6E 12 64 10 50 6B 42 62 57 21 01 11 42 6A 57 08 01 11 51 15 D4 64 6D 11 59 00 00 44 D5 6C 11 59 00 00 45 51 00 || setup 14 44 14 45 09 01 1D 18 01 00 42 4B 01 01 43 4A 02 04 4C 06 00 4D 62 22 4E 50
xParamValueFunction+repeatedUnaryUpdateArgTemp+coalesceCopies: steps=38 | 65 6E 12 64 10 50 6B 42 62 57 21 01 11 42 6A 57 08 01 11 51 15 D4 64 6D 11 59 00 00 44 D5 6C 11 59 00 00 45 51 00 || setup 14 44 14 45 09 01 1D 18 01 00 42 4B 01 01 43 4A 02 04 4C 06 00 4D 62 22 4E 50
shareRandomCell: steps=38 | 65 6E 12 64 10 50 6B 42 62 57 21 01 11 42 6A 57 08 01 11 51 15 D4 64 6D 11 59 00 00 44 D5 6C 11 59 00 00 45 51 00 || setup 14 44 14 45 09 01 1D 18 01 00 42 4B 01 01 43 4A 02 04 4C 06 00 4D 62 22 4E 50
shareRandomCell+hoistSharedHelpers: steps=38 | 65 6E 12 64 10 50 6B 42 62 57 21 01 11 42 6A 57 08 01 11 51 15 D4 64 6D 11 59 00 00 44 D5 6C 11 59 00 00 45 51 00 || setup 14 44 14 45 09 01 1D 18 01 00 42 4B 01 01 43 4A 02 04 4C 06 00 4D 62 22 4E 50
tailBranchInversion: steps=38 | 65 6E 12 64 10 50 6B 42 62 57 21 01 11 42 6A 57 08 01 11 51 15 D4 64 6D 11 59 00 00 44 D5 6C 11 59 00 00 45 51 00 || setup 14 44 14 45 09 01 1D 18 01 00 42 4B 01 01 43 4A 02 04 4C 06 00 4D 62 22 4E 50
hoistSharedHelpers+canonicalizeIfChains+tailBranchInversion: steps=38 | 65 6E 12 64 10 50 6B 42 62 57 21 01 11 42 6A 57 08 01 11 51 15 D4 64 6D 11 59 00 00 44 D5 6C 11 59 00 00 45 51 00 || setup 14 44 14 45 09 01 1D 18 01 00 42 4B 01 01 43 4A 02 04 4C 06 00 4D 62 22 4E 50
guardedPrologueGadgets: steps=38 | 65 6E 12 64 10 50 6B 42 62 57 21 01 11 42 6A 57 08 01 11 51 15 D4 64 6D 11 59 00 00 44 D5 6C 11 59 00 00 45 51 00 || setup 14 44 14 45 09 01 1D 18 01 00 42 4B 01 01 43 4A 02 04 4C 06 00 4D 62 22 4E 50
guardedPrologueGadgets+hoistSharedHelpers+hoistProcs: steps=38 | 65 6E 12 64 10 50 6B 42 62 57 21 01 11 42 6A 57 08 01 11 51 15 D4 64 6D 11 59 00 00 44 D5 6C 11 59 00 00 45 51 00 || setup 14 44 14 45 09 01 1D 18 01 00 42 4B 01 01 43 4A 02 04 4C 06 00 4D 62 22 4E 50
sharedBitMaskHelperCalls: steps=38 | 65 6E 12 64 10 50 6B 42 62 57 21 01 11 42 6A 57 08 01 11 51 15 D4 64 6D 11 59 00 00 44 D5 6C 11 59 00 00 45 51 00 || setup 14 44 14 45 09 01 1D 18 01 00 42 4B 01 01 43 4A 02 04 4C 06 00 4D 62 22 4E 50
sharedBitMaskHelperCalls+hoistSharedHelpers: steps=38 | 65 6E 12 64 10 50 6B 42 62 57 21 01 11 42 6A 57 08 01 11 51 15 D4 64 6D 11 59 00 00 44 D5 6C 11 59 00 00 45 51 00 || setup 14 44 14 45 09 01 1D 18 01 00 42 4B 01 01 43 4A 02 04 4C 06 00 4D 62 22 4E 50
